   1        "u-r+a"    2   27.114735   6.876143  42.969429
   2         "t-ai"    1    3.994853  22.069199   9.791216
   3        "u-t+a"    3    4.082413   8.761828  15.153667
   4        "u-t+i"    1    1.593498   2.437134  12.076673
   5        "d-@+l"    4   27.362505  15.866935  11.631093
   6         "au+r"    1    0.999898   0.999898   1.000457
   7           "sp"  505  1443.915161
   8        "k-i+m"    1   17.243027   0.999941  14.212860
   9        "k-i+t"    1    4.448390   0.999897  14.826305
  10       "u-a+ng"    2   14.571362   4.391049  15.941772
  11       "n-f+oi"    1   12.014051   1.000001  14.427457
  12        "k-l+a"    1    1.005347   0.999819   0.999819
  13       "m-b+oi"    1    1.755283   1.001361   0.999813
  14        "k-o+i"    2    4.017786  25.132544   3.842627
  15        "k-o+n"    1    1.934211   0.999763   4.748162
  16        "k-o+t"    1    1.025837   1.008659   1.107234
  17         "l-ai"   12   35.910454  86.949715 104.874237
  18         "l-au"    3   41.315338  24.017265  19.425526
  19        "a-a+f"    1    0.999979   1.000039   1.070058
  20        "a-b+a"    1    4.973906  22.000200   2.011325
  21        "a-b+u"    1    3.836130   5.617105   6.377766
  22        "a-c+@"    1    0.999907   0.999910   9.001933
  23        "a-c+i"    1    1.000025   3.772109   9.240433
  24        "a-c+u"    1    5.974285   3.991407   1.216832
  25        "a-d+a"    1    3.129124   2.968334   5.163964
  26        "a-d+i"    5   36.501446   7.496919  17.991529
  27        "a-d+o"   11   62.162106  35.538033  58.713470
  28        "a-d+u"    2   10.123519   3.841312   1.999740
  29        "k-t+i"    1    3.663146   4.981033   9.167544
  30        "k-t+o"    1    1.027156   1.403885  10.279408
  31        "k-t+u"    3    5.739428  30.152454  56.971714
  32        "k-u+t"    1    3.990541   1.002223   0.999806
  33       "a-l+au"    2   13.718642   5.834702   2.017953
  34        "n-a+m"    5   21.310835  22.999699  29.682692
  35        "n-a+s"   20  129.616486 129.278229  82.345291
  36        "n-a+t"    1    2.645693   1.057338   5.712239
  37        "n-a+u"    2    6.883675  16.277309   7.850142
  38       "l-o+ng"    1    0.999912   1.003820   0.999937
  39        "a-h+a"    1    4.361845   1.140725   0.999782
  40        "a-h+u"    1    4.956512   1.793776   0.999992
  41        "a-i+b"    1    4.991217   0.999860  18.573174
  42        "a-i+k"    1    1.390628  13.947458   1.011155
  43        "a-i+n"    1    3.921680   7.215042   1.000201
  44        "a-i+t"    1    1.004849  12.087886   1.198638
  45       "y-a+ng"    1    1.252848   1.173890   8.801941
  46        "n-d+a"   16   71.455055  99.458405  66.031952
  47        "n-d+u"    1    3.728175   1.067075   0.999929
  48        "a-j+a"    2   43.498150  40.561356   2.000863
  49        "g-@+l"    1   10.963404   8.556623   1.694508
  50        "g-@+m"    1    2.388885   7.904861   3.444010
  51        "a-k+a"   14   74.797203  33.856464  31.905510
  52        "a-k+i"    2   24.784254  14.230876  61.378296
  53        "a-k+t"    5   36.392040   8.621131   7.773637
  54        "a-k+u"    1    0.999844   2.984592   4.017666
  55        "a-l+a"   14   32.348057  64.429070  15.256243
  56        "a-l+i"    4    8.343984  23.814800   8.596175
  57        "a-l+o"    1    1.007488   1.344205   1.386249
  58        "a-l+u"    2    5.212728  15.529244   2.000085
  59         "d-ai"    1    5.950495  17.041662   9.264679
  60        "a-m+a"    1    7.232790   1.000619   1.780602
  61        "a-m+b"   22   99.039925 123.530952  73.425323
  62        "a-m+i"    1    8.873363   0.999837   1.987776
  63        "a-m+u"    1    3.100933   8.729741   1.046054
  64        "a-n+a"    2    9.694114   2.371516   2.190509
  65        "a-n+d"    1    3.160303   3.853380   2.016404
  66        "a-n+t"    4   13.144365  25.242733   9.694357
  67        "a-p+a"    5   19.877871  18.414949  46.924400
  68        "a-p+i"    1    8.165046   1.818680   1.003815
  69        "a-p+u"    1    4.186178   1.454893   3.585693
  70        "t-@+l"   16  160.548965  82.058243  72.003189
  71        "t-@+r"    2    2.139838   5.990003   2.066064
  72        "a-r+a"    4    4.180459   8.950503   4.240963
  73        "a-r+i"    1    1.322865   1.718710   0.999878
  74        "a-r+n"    2    4.628835   4.894394   2.039908
  75        "a-r+t"   15   58.907726  76.826408  45.964802
  76       "a-d+ai"    1    8.681694   1.316318   0.999893
  77        "a-s+i"   22   87.772057  93.512589 187.406570
  78         "u-ai"    1   11.052491  17.992107   6.608570
  79         "u-ng"    2    7.836050  12.692639  53.399536
  80        "a-t+a"   12   32.648746  48.812672  67.385796
  81        "a-t+e"    1    1.071871   2.742897  10.610876
  82        "a-t+i"    3    8.290031  15.687888  11.027330
  83        "a-t+u"   13   65.067375  99.906677 233.879395
  84        "a-u+f"    2    2.294025   2.242115   4.416258
  85        "a-u+n"    1    1.000548   1.176122   0.999892
  86        "a-u+r"    1    1.010949   7.467830  21.525745
  87        "d-a+d"    1    8.156094   1.006422  15.819013
  88        "d-a+h"    1    5.196873   9.697130   4.317461
  89        "d-a+n"    1    3.821276  10.369706   2.565392
  90        "d-a+r"    1   13.975140   1.044273  18.974823
  91        "d-a+t"    1   12.922180   1.008830   6.213434
  92        "d-a+u"    1    6.223525   9.952488   2.928351
  93        "a-w+a"    4   40.330322  13.995457   6.928271
  94        "a-y+a"   47  230.870453 249.472000 416.027527
  95       "a-u+ng"    1    1.001018  15.378383  18.410833
  96        "n-t+a"    1    0.999941   1.000190   1.048138
  97        "n-t+i"    1    0.999842   0.999894   1.583041
  98        "n-t+o"    1    2.999332   1.000362   0.999923
  99        "a-z+h"    1   24.912325   8.117616   1.000065
 100        "d-e+l"    1   15.110592   1.000126   0.999808
 101        "d-e+w"    1   40.159428   5.986454 142.911484
 102        "@-b+@"    1    1.749206   1.002026   0.999962
 103        "@-d+e"    1    2.875785   6.965434   1.077380
 104        "d-i+a"    1    7.083771   1.115644  18.245512
 105        "d-i+d"    1    3.997117  11.904214   1.001308
 106        "d-i+k"    1    3.270860  12.442351   1.025930
 107        "d-i+s"    1    2.620227  11.366446   1.008882
 108         "m-au"    1   10.952272  10.608836   1.000932
 109         "sy+a"    1    1.000593   1.014243  18.002930
 110       "k-au+k"    1    0.999839   0.999839  21.823742
 111        "@-j+u"    1    1.014959   0.999875  43.244366
 112        "d-o+m"    2   12.876439  12.500358   2.012005
 113        "@-k+a"    2   15.298523   2.976058   2.023246
 114        "@-l+@"    1    3.690920   1.899470   1.141549
 115        "@-l+a"   11   29.185797  64.395615  14.293862
 116        "@-l+o"    1    5.382954   1.439029   1.012954
 117        "@-l+u"   16  112.596924 117.530083  45.700916
 118        "@-m+a"    2    8.202848  12.288920   5.329650
 119        "@-m+b"    4    6.778144   8.241771   6.974104
 120        "@-m+i"    1    2.422427   5.006968   1.176246
 121        "@-m+p"    5   15.784004  38.417137  19.712894
 122        "@-m+u"    1    6.123932   1.000226   1.001290
 123       "a-sy+a"    1   13.735836   4.631689   1.002123
 124       "a-sy+i"    1    1.000535   1.000309  17.908171
 125        "@-n+a"    5   13.984933  50.166431   9.168534
 126        "@-n+d"   16   49.999634  49.959557  27.153994
 127        "@-p+a"    2   12.239017   5.342054   3.439545
 128        "@-p+u"    4    6.946391   9.937166  38.030224
 129        "d-u+a"    9   69.413155  48.333057  84.765282
 130        "d-u+i"    1    6.944324   2.011448   1.049599
 131       "ny-i+u"    1    4.998470   0.999861  28.936287
 132        "g-a+d"    1    1.962523   1.370958   5.594765
 133        "g-a+j"    1    1.631845   1.477033  13.137444
 134        "g-a+l"    1    2.432906  12.677355   1.000441
 135        "g-a+m"    1    6.834943   1.009880   4.589818
 136        "g-a+u"    1    2.010200   1.027339  15.008850
 137        "g-a+y"    1    1.683697   5.237440   1.005763
 138        "@-r+a"    4   44.568691   8.638215   3.999506
 139        "@-r+b"    1    1.001343   1.988228   1.000067
 140        "@-r+i"    1    1.287293   2.135496   0.999939
 141        "@-r+k"    1    1.699415   9.492966   2.082120
 142        "@-r+l"    1   33.831276   1.000018   0.999962
 143         "e-ng"   14   23.245556  33.284828  90.259865
 144        "@-s+a"   22   70.041023  96.782799 214.316422
 145        "@-t+@"    6    8.274351  12.999358  10.012163
 146        "@-t+i"    1    1.440092   2.737375  15.864065
 147        "t-a+h"    1    5.999589   1.000132  17.296167
 148        "t-a+k"    1    6.122492   2.700134  10.303944
 149        "t-a+l"   11   60.969498  45.397480 106.274231
 150        "t-a+m"   20  120.882629  83.989021  78.417313
 151        "t-a+n"    1    3.953750   9.825084   1.015573
 152        "t-a+p"    1    7.864021   0.999928   6.146638
 153        "g-i+l"    1   12.080320   1.020737   1.000371
 154          "@+m"    5  141.256897  14.139666  17.443802
 155          "@+n"    5  161.391449  15.765514  15.525288
 156          "@-t"    1    1.895533  14.777575  76.297287
 157        "m-@+l"    1    0.999697   3.550512   3.263289
 158        "m-@+r"    2   69.211082   5.464547  11.940322
 159        "t-e+m"    2   21.843296  11.137220 142.391556
 160       "d-i+ng"    1    7.054606   1.034614   9.914834
 161        "t-i+b"    1    3.008485  17.540855   1.067956
 162        "t-i+g"    8   38.306759  48.949146  41.139217
 163        "t-i+h"    1    6.013160   0.999994  16.980570
 164        "t-i+k"    2    8.110023  11.219967   9.021869
 165        "t-i+s"    3   15.134146  27.986250   7.874308
 166        "g-o+r"   14   40.863411  93.798630 102.262360
 167       "b-a+ng"    1    5.038533   4.971646   1.039048
 168        "g-r+a"    1    1.000674   1.001284   1.000055
 169         "n-ai"   17   84.054222 266.078003 211.261490
 170         "n-au"    1   12.944753  12.914128   1.033465
 171        "t-o+i"    2   12.245406   2.001959  13.746353
 172        "t-o+l"    2    6.997123  28.934931   1.999926
 173        "t-o+m"    1    6.001264   6.625863   0.999979
 174        "t-o+r"    3   13.996946   2.999549  10.997576
 175        "g-u+d"    1    1.898479   4.891638   1.090097
 176        "g-u+l"   11   31.963772  36.564022  73.132637
 177       "i-m+au"    1    1.000555   6.722932   2.171098
 178        "j-a+h"    1    0.999952   4.641725   3.613984
 179        "j-a+i"    1    1.110722   1.009300   4.282889
 180        "j-a+l"    1    0.999995   1.290158   4.011745
 181        "j-a+w"    1    6.376627  11.842410   1.023526
 182       "d-a+ng"   18   89.165047 121.307007  88.846870
 183       "i-sy+a"    1    1.980752  24.054007   1.000180
 184       "m-u+sy"    1    1.007363   1.003034   3.956362
 185       "a-n+au"    1    2.943115   1.563915   4.639648
 186        "c-@+k"    1    0.999909   1.043156   3.665332
 187        "c-@+t"    1    0.999975   1.000153   5.009209
 188        "t-u+j"    5   15.054213  17.215355  12.305994
 189        "t-u+k"    1    4.003465   1.190081   9.815738
 190        "t-u+n"   19  101.616135 106.995224  85.221870
 191        "t-u+s"    2   12.703640   2.203803  11.732378
 192        "w-a+h"    1   12.973140   4.837730   1.761396
 193        "w-a+k"    3   25.015560  17.906242  21.118639
 194        "w-a+l"    1   12.031119   4.078042   1.339654
 195        "w-a+n"    2    1.999697   1.999718   1.999744
 196        "w-a+r"    3   13.162166  12.604880  14.226581
 197        "w-a+s"    1    4.453670   1.552882  10.987692
 198        "j-i+k"    1   21.512390   9.465420   1.006974
 199        "p-@+l"    2   17.604975   8.973276   5.693764
 200        "p-@+r"    1    1.003296   3.055602   2.635807
 201        "p-@+s"   22  170.545715  83.406036  65.784798
 202        "p-@+t"    1    1.070817   2.026056   1.935547
 203         "f-oi"    1   19.560656   0.999748   1.019474
 204       "u-l+ai"   12  137.841965 130.102448 217.533859
 205       "u-l+au"    1    1.000123   1.179148   1.000328
 206          "a+b"    1    3.191958   0.999842   1.000607
 207          "a+d"    1    6.991774   0.999876   6.293682
 208          "a+i"    1    5.542612   1.006205  10.261250
 209          "a+j"    1    1.000226   0.999851   0.999852
 210          "a+l"    1    1.001088   1.037760   7.577353
 211          "a+m"    1    6.400204   2.035778   1.463095
 212          "a+u"    1    4.742363   2.110358   4.287209
 213          "a+w"    2   11.516543   2.299281  18.118782
 214          "a+y"   22  121.673454  69.560501  90.288582
 215          "a+z"    1    0.999997   0.999994   0.999994
 216          "a-f"    1    0.999973   0.999973  28.046581
 217          "a-h"   34  278.814148 335.378906 479.163300
 218          "a-k"    7   89.219780  13.577447  23.881950
 219          "a-l"   15   41.386532  92.268051  86.581039
 220          "a-m"   28  127.304344 249.667587 127.538597
 221          "a-n"   51  278.772888 456.395721 547.498535
 222          "a-r"   39  217.667862 319.950958 521.986267
 223          "a-s"    4   13.205859   8.633626  98.286911
 224          "a-t"   11   25.432245  44.851002 144.597809
 225          "a-u"    3   12.516194  37.021935  25.334513
 226        "j-u+h"    5   30.185379  27.253214  19.349627
 227        "j-u+t"    2   34.719368   3.043828  12.317375
 228          "b+@"    2    3.469591   2.352901  74.221771
 229          "b+a"   65  213.315979 375.109467 1113.529785
 230          "b+e"    4    5.484504  72.996025  44.792889
 231          "b+u"    1    2.828042  10.752817   1.003814
 232          "b-a"    2    6.809940  21.795280   5.649979
 233          "b-u"    3   16.422617   6.106150  64.739517
 234        "m-a+a"    1   10.893854   1.000121   1.002749
 235        "m-a+c"    1   10.395647   1.001957  12.975452
 236        "m-a+h"    1    2.357104   4.915929   1.226077
 237        "m-a+k"    1    7.809863   0.999901   0.999902
 238        "m-a+l"    1    3.290842   6.037119   1.017549
 239        "m-a+n"    2    9.452534   6.692475  10.204132
 240        "m-a+u"    2    5.499444  15.381328  10.391171
 241          "c+@"    1    1.243452   2.515847   3.991713
 242          "c+a"    1   18.348595   1.567619   7.428509
 243          "c+i"    2   35.469986   5.011409   8.088742
 244          "c+o"    1   44.056023   1.003221   6.508638
 245          "c+u"    1   16.409321   4.147866   1.024453
 246        "m-b+a"   27   34.667763  36.997875  39.440380
 247        "m-b+i"    3   15.006138  17.995571   2.999493
 248        "m-b+o"    1    0.999783   0.999783   0.999783
 249        "m-b+u"    1    0.999951   0.999951   0.999951
 250          "d+@"    4   12.025228  26.048122  82.524330
 251          "d+a"    5   12.634653  53.696175  29.141752
 252          "d+e"    1    1.000309   3.832907  24.054640
 253          "d+i"    2    5.116611   3.388891  27.092297
 254          "d+o"    2    2.286453   4.778677  36.900967
 255          "d+u"    9   17.937445  42.492725 220.709381
 256          "d-i"    3   18.992512  23.008270  38.931599
 257          "d-o"   11   72.051064  60.864468 134.103455
 258          "d-u"    1    9.968206  18.448782   1.930659
 259       "s-u+ng"    1    5.339702   7.849608   1.000089
 260          "e+j"    1    1.083479   9.374696   1.001255
 261          "e-k"    1    1.024732   4.120080   1.011013
 262          "e-l"    1    1.039022   7.929130  13.582852
 263          "e-t"    3    2.999904   3.029241  70.150032
 264          "f+a"    4   37.022484   5.160086  18.746645
 265          "g+@"    2   76.585869   2.018462   2.031836
 266          "g+a"    6  107.627541  22.083738  16.631483
 267          "g+i"    1    8.600947   5.188365   1.007933
 268          "g+o"   14  269.101471  35.158199  42.630421
 269          "g+r"    1    2.862059   1.033144   1.000035
 270          "g+u"   12  289.872040  33.403679  37.051636
 271          "g-a"    8   21.370867  70.999023  75.630959
 272          "h+a"    3   11.567185   9.585749  14.084601
 273          "h+e"    1    1.000104   0.999844   0.999844
 274          "h+i"    2    2.750772   2.629278  68.028557
 275          "h+u"    1    1.446865   1.009883   9.999949
 276        "z-a+i"    1    4.181720   2.693075   1.001468
 277          "i+k"   16   75.582291  95.331688  87.970192
 278          "i-a"    1    7.881608   0.999529   5.472910
 279          "i-b"    1    2.645701  19.772293   1.942734
 280          "i-h"    3   34.001915   8.422383  87.930626
 281          "i-k"    5  121.579720   7.155168  12.737670
 282          "i-m"    1    1.004167   6.974350   8.402026
 283          "i-n"    3    9.913796  21.771669   4.530966
 284          "i-s"    6   13.195699  15.357980  63.635063
 285          "j+a"    2   23.060343  11.676792  28.003105
 286          "j+i"    1    1.003566   1.052312   9.929281
 287          "j+u"    1    1.357356   1.000563  39.169128
 288          "j-a"    1    0.999747   0.999747   0.999747
 289         "o-ng"    1    1.024799  10.003995   4.446892
 290       "l-a+ng"    3    7.999812   3.051150  34.563538
 291        "m-i+a"    1    3.868728   0.999495  13.469107
 292        "m-i+l"    2    3.781927   7.622531   1.999703
 293        "m-i+r"    1    3.710595   0.999725  11.257918
 294          "k+@"    5   94.816223   7.102677  10.862442
 295          "k+a"   22  231.603439  64.622513  86.264587
 296          "k+i"    1   25.124840   3.003735   1.546331
 297          "k+o"    4  118.813011   7.006814  53.797886
 298          "k-@"    1   14.175210   6.974914  23.401745
 299          "k-a"    2    2.357089   9.463702   8.409019
 300          "k-i"    1    8.595037   0.999877  20.494291
 301          "l+@"    1    1.810294   1.000906   0.999753
 302          "l+a"    2    4.137575   1.999441  19.976847
 303          "l+e"    1   11.976227   1.557653   1.000113
 304          "l+i"    7   11.399851  11.379789  34.208683
 305          "l-a"    2    1.999807  14.704472   6.322590
 306          "l-i"    5   14.497840  69.494904  34.445457
 307          "l-u"    2    4.315760  25.722828  25.436995
 308        "s-@+b"    1    0.999947   4.740810   1.039061
 309        "s-@+j"    1    1.227502   0.999894   0.999893
 310        "s-@+k"    1    0.999783   0.999783   0.999783
 311        "s-@+m"    5  108.448769  38.929653   9.720413
 312        "s-@+p"    4   26.875719  14.901049   4.245140
 313        "s-@+r"    3   33.613419  28.134672  14.740925
 314        "s-@+t"    6   60.631260  32.590973  10.320213
 315        "z-e+b"    1    1.004595   1.001173   0.999822
 316          "m+@"    3    5.051415   4.388435   8.782026
 317          "m+a"    7   31.769714  54.659248  21.529322
 318          "m+i"    2    9.043822   2.012057   4.895573
 319          "m+u"    2    2.104958  11.940624   8.071854
 320          "m-a"    8   30.730839  36.683121 108.918083
 321          "m-i"    1    5.005653   0.999847  19.558111
 322          "m-u"    1    1.014319   3.045259  24.355551
 323          "n+a"   22   42.303761  61.171391 179.822296
 324          "n-a"    3   14.998226   4.903807  59.579704
 325          "n-i"    1    4.999257   1.002709  26.185257
 326          "o+b"    1    4.000103  14.397238   1.024207
 327          "o+m"    1    5.649159   0.999685   5.905807
 328          "o+p"    1    4.138846   6.747336   0.999958
 329          "o+r"    1    6.968156   0.999878   9.168229
 330          "o-i"    3    6.672749  43.032711  18.973623
 331          "o-k"    1    1.993469   0.999783   0.999783
 332          "o-p"   11   77.194206 122.515106 102.095764
 333          "o-r"    3   33.326649   8.271065  39.363663
 334        "z-h+a"    1    8.035275   1.151721   1.339997
 335          "p+@"   26   63.362957  69.754936 347.683411
 336          "p+a"    3    8.706057   6.936341  70.067497
 337          "p+i"    1    1.007367  13.920891   0.999957
 338          "p+o"   15   41.642521 106.340599 253.381393
 339          "p+u"    4   18.007463  14.400687  67.081421
 340          "p-a"    1    3.999766  15.044333   3.892437
 341          "p-i"    1    6.411142   0.999929  20.371868
 342        "m-p+a"    6   21.448553  25.164707 113.910240
 343          "r+@"   16   53.210720  46.532795 166.838165
 344          "r+a"    3    5.000434   3.859476  13.998861
 345          "r+i"    1    0.999999   1.000555  47.290512
 346          "r+u"    1    3.902718   2.311374   1.000450
 347          "r-a"    3    7.998420   3.014209   3.110298
 348        "c-a+c"    1    1.149688   6.595872   8.107349
 349        "c-a+k"    2    7.626691  10.451641  25.000462
 350          "s+@"   21   52.229557  93.465134  74.765640
 351          "s+a"   13   47.801243  35.208466  80.996552
 352          "s+i"    1    1.000294   1.000079  10.172257
 353          "s+o"    1    3.887134  10.003912   0.999801
 354          "s+u"    1    6.717660   1.033287   4.299767
 355          "s-i"   24  117.122917 342.063416 165.482315
 356          "t+@"   18   23.752529  38.105667 209.411407
 357          "t+a"   24   52.423569  60.236149 370.587677
 358          "t+e"    2    1.999829   1.999801   1.999628
 359          "t+i"    9   13.737238  26.598885 219.689636
 360          "t+o"    5   20.473572  10.521819 112.389420
 361          "t+u"   23   40.452225  50.823784 343.206360
 362          "t-a"    4   20.996538  43.633965  26.730616
 363          "t-e"    1   26.887094   7.684133   0.999968
 364          "t-i"    2   13.929729   2.002860  36.927921
 365          "t-u"   27  140.384537 233.429047 202.328796
 366          "u+a"    1    7.108874   8.462831   1.000468
 367          "u+d"    1   18.556820   1.014975   1.285535
 368          "u+l"    1    4.650570  12.967739   5.036818
 369          "sil"  120  1239.242920 1443.915161 3285.223389
 370          "u+m"    1    0.999972   1.019171   2.574431
 371          "u-a"   10   49.634987  62.303589  88.649696
 372          "u-h"   10   25.712753  52.191010 216.362259
 373          "u-i"    1    4.129775  12.723426   1.001382
 374          "u-k"    1   38.973637   2.571738   1.358671
 375          "u-n"    5   30.782484  69.156242  34.816601
 376          "u-r"   18  110.491081 118.275597 292.448090
 377          "u-s"    2    8.167744   2.639009  25.944197
 378          "u-t"    1    1.977958   9.107827   8.436417
 379        "m-u+k"    1    2.443353   5.831829   4.452139
 380        "m-u+l"    1    0.999928   1.000436   0.999909
 381        "m-u+r"    1    1.067325  13.796103   1.011908
 382          "w+a"    7   33.316822  63.067791 186.367935
 383          "w-a"    1    1.783165  13.720607   2.793800
 384        "p-a+d"    1    4.986853  12.675958   1.073873
 385        "p-a+h"    1    7.282303   1.030383   7.635335
 386        "p-a+l"    1    3.999568   1.004230   0.999947
 387        "p-a+n"    5   20.995983  23.206730  16.217661
 388        "p-a+p"    1    4.001544   5.982642   1.787418
 389        "p-a+r"    1    4.980816   6.855457   1.790855
 390        "p-a+t"    5   18.013124  10.016235  23.816257
 391          "y+e"    1    0.999551   2.865490  18.034229
 392          "y+o"    1    0.999870   1.070752   1.008069
 393       "u-sy+a"    1    1.788928   1.000537   5.167819
 394          "y-a"    2    2.005978  12.614391  15.635271
 395          "y-o"    1    1.002884  13.435520   0.999984
 396       "t-i+ng"    1    3.985966  19.570370   1.736982
 397          "z+a"    1    1.000209  11.951798   1.000000
 398          "z+e"    1   66.988983   1.000748  66.979355
 399        "c-i+c"    2   13.088078   8.911552   7.912406
 400       "r-a+ng"    3   13.992116  19.940035   7.013960
 401        "p-i+a"    1    5.268905   3.873159   1.004814
 402        "p-i+t"    1    5.689197   5.386435   1.000067
 403        "c-o+k"    1    3.370821   0.999887  10.402145
 404         "ng-a"    1    2.958003  17.100357   1.417328
 405         "ng-i"    1    3.030982   1.058263  36.069813
 406      "ny-o+ny"    1   36.173355   1.000193   2.632824
 407        "p-o+p"   11   66.844658 107.383926  31.966061
 408        "p-o+r"    4   16.998802  14.999206   9.392227
 409       "t-a+ng"    4   18.997692  24.087294  10.348164
 410        "c-u+n"    1    2.827626   1.134952   9.561932
 411        "c-u+r"    1    2.930708   1.035531  12.254352
 412        "f-a+k"    1    0.999807   0.999781   0.999784
 413        "f-a+l"    2    1.999776  12.574578   2.076404
 414        "f-a+n"    1    0.999767   1.001230   4.630387
 415        "f-a+s"    2    1.999634   2.021444  13.633548
 416       "a-ng+a"    1    9.937545   1.047721   1.036953
 417       "a-ng+i"    3   11.991709   8.115834  13.378980
 418        "p-t+i"    1    0.999929   0.999929   1.001121
 419        "p-u+a"    1    4.016853   1.009988  12.963341
 420        "p-u+l"    6   33.755920  22.013840  53.273891
 421        "p-u+t"    1    5.000998   9.407982   1.480593
 422        "s-a+d"    1    4.470130  10.126686   1.457325
 423        "s-a+m"    1    3.895806   2.945198   1.810208
 424        "s-a+n"   22   94.985588 147.141724 116.501648
 425        "s-a+t"    9   51.652424  41.337704  70.493660
 426        "s-a+y"    2   12.228989   2.000206  16.084925
 427        "l-@+m"    1    0.999739   1.006938   1.849050
 428        "l-@+p"    1    0.999617   1.054889   6.835035
 429         "h-ai"    1    9.955849  14.464435   8.044414
 430         "ny+a"    1    1.001068   1.020663  44.744347
 431         "ny+i"    1    1.000276   0.999920  27.837751
 432         "ny+o"    1    5.999980   1.000057  14.003357
 433         "ny-a"    2   13.947660   2.429613  16.555597
 434         "ny-i"    2   10.743336  13.395858  23.460701
 435        "s-i+h"    2    8.923791   2.009631  12.787068
 436       "u-n+ai"   17   40.836823  42.049728  43.223846
 437       "t-@+ng"    6   14.715567  18.815960  12.312383
 438       "@-ng+a"    6   18.528378  13.107351  25.994457
 439       "a-h+ai"    1    4.423651   0.999908   0.999827
 440        "s-o+r"    1    3.874870   9.988062   0.999834
 441       "a-ny+i"    1    1.273088   8.773790   0.999769
 442        "i-a+h"    2    5.103413   9.934326  15.972907
 443        "i-a+r"    2    7.425517  35.893116   2.099022
 444        "i-b+e"    1    1.102236   1.612556   1.666954
 445        "i-b+u"    2    2.003918   2.000065   1.999775
 446        "i-c+a"    2    9.413775   4.581851  10.015282
 447        "i-d+i"    1    1.000949   3.936202   2.189085
 448        "b-@+l"    3   18.343737   7.671711   5.997450
 449        "i-g+a"    8   72.827629  29.834906  22.365845
 450         "oi-d"    1    0.999831   0.999831   0.999831
 451       "i-ng+a"    1    1.001411   1.291756   3.253966
 452        "i-k+a"   17  147.992615  48.129864  39.510098
 453        "i-l+a"    4   29.295755  26.116205   7.511005
 454        "i-l+e"    2   53.083076   2.000286   6.623940
 455        "i-l+i"    2    1.999860   2.000808  56.087734
 456        "i-m+a"    8   15.091374  33.348251  14.349757
 457        "i-n+a"    1    1.871659   5.782599   0.999869
 458       "b-u+ny"    1   11.998585   1.000300   0.999950
 459      "u-ng+ai"    1    0.999890   0.999829   0.999827
 460        "i-r+i"    1    5.027518   0.999697   0.999697
 461        "i-t+a"    3    9.964899  10.201374  14.805804
 462        "i-t+u"    1    1.167654   1.944480   4.736971
 463        "i-u+r"    1    1.001885  10.653638   1.064202
 464       "d-u+ng"    1    6.841217   1.168075   1.000121
 465        "l-a+b"    1    1.000135   1.005408   9.159110
 466        "l-a+d"   11   19.666241  24.406122  41.573711
 467        "l-a+k"    1    0.999980   1.036460   3.857526
 468        "l-a+l"    2    8.000338   4.407764  16.749069
 469        "l-a+m"    1    5.062147   1.003641   7.270258
 470        "l-a+n"    4   11.612260   4.283889  24.748964
 471        "l-a+p"    5   13.998112  23.158682  47.985432
 472        "l-a+s"    3    6.984023  34.903698  15.083335
 473        "l-a+t"    2    2.008976   2.012787  24.890896
 474       "ng-a+h"    6   17.973438  31.331947  36.832565
 475       "ng-a+n"    1    3.655706   6.882139   1.038049
 476         "i-ng"    3    8.886526  23.631161  22.573380
 477       "n-t+ai"    1    0.999955   0.999955   0.999955
 478        "l-e+m"    1    5.413058   4.184805   1.000000
 479        "l-e+t"    2    1.999972   2.276391   1.999704
 480        "y-a+m"   22   56.074978  88.684761  86.205650
 481        "y-a+r"   22   50.103508 112.323975 120.806511
 482       "a-i+sy"    1    3.099950   6.632243   1.432367
 483        "l-i+a"    2    6.000898  31.806200   2.034997
 484        "l-i+m"    8   44.946327  29.944393  34.746964
 485       "ng-i+n"    1    4.998204   0.999533  22.989292
 486       "ng-i+s"    1    0.999892  17.455408   0.999898
 487        "r-@+n"   16   70.184982  72.312553  65.328163
 488        "y-e+r"    1    1.000280   0.999552   0.999552
 489         "a+ng"    1    3.879932   1.000738   5.943630
 490         "a+sy"    1    3.629968   4.906736   1.105638
 491        "l-o+i"    1    0.999905   1.001029  20.435352
 492        "l-o+m"    1    2.998792   5.798379   0.999977
 493         "a-ng"   29  147.541885 240.103683 249.333557
 494       "c-i+ng"    1    2.988744   5.658476   1.000017
 495        "b-a+d"    3   50.262390  12.573609  15.181136
 496        "b-a+h"   19   77.497475 125.818497  91.210281
 497        "b-a+i"    1    3.506163  10.408886   1.287716
 498        "b-a+k"   17  102.643692  87.105698 113.252922
 499        "b-a+l"   13   79.218224  32.169430  68.588173
 500        "b-a+n"    1    6.999971   7.262022   1.015726
 501        "b-a+t"   15   90.212387  68.003845  60.894905
 502        "b-a+u"    1    6.820529   1.013964   1.347244
 503        "b-a+y"   22  136.982925  77.711761  90.626495
 504       "sy-a+h"    1    1.000174   3.129478   8.193862
 505       "sy-a+r"    2    6.865923  14.184598   2.169819
 506       "sy-a+w"    1    3.274293   6.694091   1.025217
 507        "b-e+b"    1   35.565327   4.522371   3.905166
 508        "b-e+k"    1    0.999842   1.000243  24.000467
 509        "b-e+l"    2   50.565521  12.429840  23.004034
 510        "b-e+t"    2   26.802078  10.429575  23.925949
 511        "y-o+y"    1    1.088804  10.561300   1.000802
 512        "l-u+h"    5    9.208241  17.000591  62.729824
 513        "l-u+r"   16   65.647743 111.423096  51.858822
 514       "au-k+a"    1    3.541911   2.616733   3.976184
 515        "o-b+a"    1    1.775451   1.601351   1.195549
 516        "b-i+l"    3   36.990421  14.919460  10.943454
 517       "sy-i+k"    1    3.099722  10.100409   1.796701
 518       "o-ny+a"    1    1.021152  24.306925  29.861809
 519        "ng-ai"    1    9.897764   8.992920  14.760900
 520       "au-r+a"    1    1.003233   1.071948  14.277915
 521        "o-i+l"    2    5.999565   1.999565   2.002090
 522        "o-i+n"    1    3.545789   3.024013   0.999789
 523        "b-o+k"    1    0.999783   0.999783   0.999783
 524        "o-k+l"    1   10.666411   1.989849   2.159637
 525        "o-l+a"    1    1.095388  15.063426   0.999855
 526        "o-l+o"    1    1.001105   9.095089   1.018579
 527        "b-r+a"    1   68.479271  10.488708  39.010452
 528        "o-m+b"    5   15.513048  27.924072  11.712253
 529        "o-n+f"    1    3.849811   5.053727   1.028762
 530        "b-u+a"    1    8.006590   7.370490   1.584133
 531        "o-p+t"    1    1.168435   4.797525  13.102246
 532        "e-b+e"    1    1.035169   1.000411   1.000512
 533        "e-b+r"    1    1.045794   1.438337  36.506950
 534        "o-r+a"    2   18.143446  11.895817   3.183205
 535        "o-r+e"   14  151.717926  43.052830  29.790524
 536        "o-r+s"    4   10.087063  10.947863  39.610050
 537        "o-t+o"    1    1.380878   9.270323  25.746614
 538      "ny-a+ny"    1    9.957108   1.167323  11.821404
 539       "p-u+ny"    1   13.743532   2.465210   0.999963
 540        "r-a+c"    1    3.000360  12.342163   4.677023
 541        "r-a+h"    3    8.432859   4.911519  22.649137
 542        "r-a+k"    2    2.987920   4.897958   9.709965
 543        "r-a+n"    1    1.992814   7.564340   1.050794
 544        "r-a+t"    5   27.686371  53.317204  12.012860
 545        "r-b+a"    1    1.000130   1.001874   0.999966
 546         "b-oi"    1    1.000305  48.985043   0.999814
 547        "o-y+o"    1    4.405569   8.479762   1.000016
 548        "e-j+a"    1  122.409523   0.999762   1.060172
 549        "k-@+d"    1    0.999796   1.000580   1.158623
 550        "k-@+l"    2    7.986724   4.999706   2.033827
 551        "k-@+m"    1    3.081631   5.978481   1.027310
 552        "k-@+p"    1    0.999892   2.025973   2.037625
 553        "r-e+m"    1    3.616146   0.999542   0.999542
 554       "u-ny+a"    1    1.790730   0.999975   0.999884
 555        "e-l+i"    2    1.999974   1.999974   2.000052
 556       "u-ny+i"    1    0.999950   0.999950   0.999950
 557        "e-m+b"    2   11.226847  11.143391   1.999710
 558        "e-m+i"    1    8.816968   0.999540   6.299995
 559        "e-m+p"    1    1.004899   1.794877   1.030588
 560        "r-i+b"    2   13.793371  24.798403   2.001071
 561        "r-i+m"    1    1.001546   8.169891   1.009449
 562        "r-i+s"    1    6.327945   1.000254   7.660522
 563        "r-k+@"    1    1.030175   2.944614   1.974096
 564        "r-l+a"    1    1.000348   1.000676   1.000091
 565        "e-r+e"    1    9.383515   0.999547   0.999544
 566        "e-r+o"    1   27.776541   1.030539   0.999822
 567       "t-u+ai"    1    6.693188   2.067922   7.257819
 568        "r-n+a"    1    3.106145   7.040563   1.991441
 569        "r-n+i"    1    3.815868   2.953018   9.519442
 570        "e-t+i"    1    0.999901   0.999901   0.999956
 571       "s-oi+d"    1    0.999898   0.999838 126.980202
 572        "r-o+i"    1    1.709581   5.418893   1.039888
 573       "a-s+oi"    1   32.241226  18.765141   1.000128
 574        "h-a+d"    1    5.021873   1.210351   5.686956
 575        "h-a+k"    1    0.999921   0.999912   0.999911
 576        "h-a+n"    1    3.224604   4.616973   1.023184
 577        "h-a+r"    2   39.730488   5.935646  13.631551
 578        "e-w+a"    1    0.999859   0.999859   0.999925
 579        "r-s+i"    4   10.903385   7.051888  26.412180
 580        "r-t+u"   15   43.220051  77.715462 229.774612
 581         "k+au"    1   53.915810   1.998987  18.998358
 582       "m-a+sy"    1    4.539605   1.635313   1.000438
 583        "h-e+r"    1    0.999844   0.999844   0.999844
 584        "r-u+p"    1    1.610218   1.213765   7.557653
 585        "h-i+n"    1   13.352742   0.999872  10.342649
 586        "h-i+t"    1    5.087288   1.000053   6.108382
 587        "u-d+a"    2    5.420691  10.065032   3.958090
 588        "u-f+a"    2   22.028685   2.983650   1.999762
 589       "s-i+ng"    1    3.610569  14.441127   1.011994
 590       "r-e+ng"   14  136.190872 123.823273 144.909012
 591        "u-j+u"    5   28.477131  54.007870  43.975735
 592        "u-k+a"    1    2.438594   2.864938   4.956704
 593        "u-l+a"    1    1.029628   1.471809   3.811440
 594        "u-l+u"    5   18.059076  11.289160  14.058563
 595        "u-m+u"    1    1.041853   8.216788   1.649568
 596        "h-u+n"    1    4.091474   5.517210   8.475989
 597        "h-u+t"    1    4.956799   1.033552   7.980169
 598        "u-p+i"    1    1.781887   2.526475   2.647987
 599        "k-a+i"    1    1.270733   9.940087   1.003086
 600        "k-a+l"    4    8.655066  18.972378   5.611398
 601        "k-a+m"    2    4.595980   2.020794  24.106232
 602        "k-a+n"   17   65.867561 116.082214  82.540955
 603        "k-a+r"   28   70.614594 158.966278 106.458031
 604        "k-a+s"    1    1.037596   0.999830  14.980724
 605        "k-a+t"    2    2.346817   7.214859   4.840332
