~o
<STREAMINFO> 1 25
<VECSIZE> 25<NULLD><MFCC_D_N_Z_0><DIAGC>
~s "silst"
<MEAN> 25
 -2.578074e+000 1.393470e+000 -1.793761e+000 2.109176e+000 1.515996e+000 5.116122e-001 -2.291585e-001 4.254943e-001 -2.962698e-001 5.654675e-001 -1.265065e+000 1.606750e+000 -3.110465e-001 -1.113641e-001 -1.338837e-001 -6.653848e-002 1.146936e-001 -8.502553e-002 1.337867e-001 -7.884391e-002 2.306749e-001 -1.330941e-001 4.124667e-002 2.459432e-002 3.519410e-001
<VARIANCE> 25
 4.058034e+001 4.613597e+001 4.486895e+001 9.473335e+001 4.144610e+001 4.265481e+001 7.233836e+001 4.876863e+001 4.764973e+001 3.775937e+001 4.373148e+001 2.868570e+001 2.148171e+000 3.646700e+000 3.349845e+000 6.287507e+000 3.826005e+000 3.779331e+000 4.536182e+000 3.402039e+000 3.613793e+000 3.348406e+000 3.343983e+000 2.500724e+000 1.671795e+001
<GCONST> 1.100594e+002
~h "@"
<BEGINHMM>
<NUMSTATES> 5
<STATE> 2
<MEAN> 25
 -4.507097e+000 2.938076e+000 -2.473900e+000 4.852090e+000 1.842293e+000 1.391441e+000 3.227274e+000 3.911968e-001 1.144081e+000 1.989020e+000 9.218323e-001 1.428947e+000 -2.462283e-002 -1.876620e-003 -1.198105e-002 5.176021e-002 -2.370588e-002 -1.034271e-001 -2.152712e-002 -1.030142e-001 -1.408665e-001 -3.526166e-002 1.444991e-002 2.011447e-002 7.707149e-003
<VARIANCE> 25
 8.539769e+000 1.078920e+001 1.333374e+001 3.949731e+001 1.667649e+001 1.483805e+001 2.944942e+001 3.081401e+001 2.672684e+001 2.565123e+001 1.714313e+001 1.410995e+001 2.906340e-001 5.077013e-001 6.966356e-001 8.835760e-001 1.031021e+000 1.298547e+000 1.434712e+000 1.608720e+000 1.538589e+000 1.665442e+000 1.389003e+000 1.210839e+000 2.320073e-001
<GCONST> 7.980656e+001
<STATE> 3
<MEAN> 25
 -3.778774e+000 -5.467821e-001 -4.976678e-001 1.083165e-002 1.365112e+000 -4.461660e-001 2.306946e+000 -2.106587e+000 -1.041743e+000 9.714783e-001 1.123573e+000 1.439211e+000 1.859674e+000 -1.044329e+000 1.270300e-001 -1.373267e+000 -4.424979e-001 -6.773955e-001 -1.132076e+000 -1.870151e-001 -3.313330e-001 -1.053413e+000 -1.960314e-001 -2.550144e-002 3.014040e+000
<VARIANCE> 25
 4.867774e+001 4.331972e+001 3.309624e+001 4.629875e+001 4.608598e+001 4.461327e+001 5.038853e+001 4.061819e+001 5.213528e+001 3.828478e+001 2.352042e+001 2.351906e+001 4.928960e+000 5.211505e+000 3.438967e+000 7.748443e+000 4.976955e+000 6.022894e+000 7.440811e+000 6.396933e+000 5.889834e+000 6.011054e+000 3.090761e+000 3.623811e+000 6.755416e+000
<GCONST> 1.117873e+002
<STATE> 4
<MEAN> 25
 6.252003e+000 -2.881874e+000 -6.277017e-001 -5.158876e+000 -4.193161e-002 -1.773169e+000 -5.108942e+000 -1.796266e+000 -1.620549e+000 -3.439061e+000 -1.000055e+000 5.180268e-001 7.854407e-001 4.274121e-002 -1.102002e-001 -4.174000e-001 -1.444159e-001 -4.544739e-001 -4.420182e-001 3.639988e-001 1.330924e-001 -3.439093e-001 -3.699664e-001 -6.138317e-004 6.574752e-001
<VARIANCE> 25
 1.992603e+001 4.475499e+001 5.999865e+001 8.885726e+001 3.948238e+001 6.604065e+001 3.352759e+001 7.786153e+001 5.521333e+001 7.562080e+001 4.120667e+001 5.211508e+001 2.573778e+000 2.960268e+000 2.893009e+000 4.343393e+000 3.389655e+000 4.792241e+000 3.619760e+000 4.863788e+000 3.834719e+000 2.804954e+000 2.550662e+000 2.504905e+000 2.055049e+000
<GCONST> 1.082319e+002
<TRANSP> 5
 0.000000e+000 1.000000e+000 0.000000e+000 0.000000e+000 0.000000e+000
 0.000000e+000 8.884891e-001 1.115109e-001 0.000000e+000 0.000000e+000
 0.000000e+000 0.000000e+000 7.360380e-001 2.639621e-001 0.000000e+000
 0.000000e+000 0.000000e+000 0.000000e+000 6.799039e-001 3.200961e-001
 0.000000e+000 0.000000e+000 0.000000e+000 0.000000e+000 0.000000e+000
<ENDHMM>
~h "a"
<BEGINHMM>
<NUMSTATES> 5
<STATE> 2
<MEAN> 25
 2.055027e+000 -1.564239e+000 2.567177e-002 -1.939673e+000 5.774086e-001 -1.260719e+000 -1.067899e+000 -8.323807e-001 4.223568e-002 -1.096637e+000 -1.323220e+000 -4.438103e-001 1.557262e+000 -1.552796e+000 -6.209627e-001 -1.587064e+000 -4.016316e-001 -7.856427e-001 -6.187705e-001 6.128949e-001 1.851786e-001 -7.528133e-001 -1.713299e-001 -3.142877e-003 2.452531e+000
<VARIANCE> 25
 3.738125e+001 6.395568e+001 4.093573e+001 8.503168e+001 7.169216e+001 5.279797e+001 5.256343e+001 5.938517e+001 7.302022e+001 4.101738e+001 4.309299e+001 3.472622e+001 3.090409e+000 4.231365e+000 4.388908e+000 6.119776e+000 6.796069e+000 5.093370e+000 5.376773e+000 5.932211e+000 5.805711e+000 4.097588e+000 4.992556e+000 4.036805e+000 4.274569e+000
<GCONST> 1.139753e+002
<STATE> 3
<MEAN> 25
 7.749775e+000 -7.223897e+000 -6.740330e+000 -5.705791e+000 -3.451213e+000 -4.289593e+000 2.983855e-001 1.267231e+000 -1.532815e+000 -2.862221e+000 2.422128e+000 2.514504e+000 8.787343e-002 -5.423331e-001 -4.435648e-001 -2.487515e-001 1.475438e-001 1.612286e-001 4.869002e-001 4.711885e-001 2.378447e-001 6.794276e-002 -5.293789e-002 -3.191052e-002 2.736054e-001
<VARIANCE> 25
 7.530886e+000 2.487633e+001 3.766060e+001 4.594000e+001 4.294800e+001 3.682132e+001 4.646976e+001 4.660054e+001 6.798877e+001 3.102785e+001 4.515903e+001 3.224435e+001 3.031856e-001 1.064772e+000 1.235879e+000 1.298375e+000 1.714642e+000 1.765340e+000 1.701179e+000 2.068782e+000 1.853508e+000 1.792432e+000 2.137720e+000 1.548043e+000 4.540741e-001
<GCONST> 9.193601e+001
<STATE> 4
<MEAN> 25
 6.204086e+000 -8.462201e+000 -2.901503e+000 -9.545704e+000 5.768570e-001 -2.007218e+000 -3.165365e+000 4.483665e+000 1.505858e+000 -2.312881e+000 -4.941391e+000 -2.538252e+000 -1.666206e-001 5.693392e-001 2.188013e-001 3.376676e-001 4.089333e-002 6.497671e-002 -7.302415e-002 -7.732598e-002 -2.320195e-002 7.096284e-002 -3.169955e-002 6.261460e-002 -6.177687e-001
<VARIANCE> 25
 9.027036e+000 3.571664e+001 3.021314e+001 5.295114e+001 5.645282e+001 2.752721e+001 4.919309e+001 3.336095e+001 3.483574e+001 2.862769e+001 4.822004e+001 3.618255e+001 3.701806e-001 1.071205e+000 1.090656e+000 1.147029e+000 1.573799e+000 1.514742e+000 1.659261e+000 1.652986e+000 1.347353e+000 1.315811e+000 1.433880e+000 1.204040e+000 7.762570e-001
<GCONST> 9.026357e+001
<TRANSP> 5
 0.000000e+000 1.000000e+000 0.000000e+000 0.000000e+000 0.000000e+000
 0.000000e+000 7.482504e-001 2.517497e-001 0.000000e+000 0.000000e+000
 0.000000e+000 0.000000e+000 7.699634e-001 2.300366e-001 0.000000e+000
 0.000000e+000 0.000000e+000 0.000000e+000 8.319501e-001 1.680498e-001
 0.000000e+000 0.000000e+000 0.000000e+000 0.000000e+000 0.000000e+000
<ENDHMM>
~h "b"
<BEGINHMM>
<NUMSTATES> 5
<STATE> 2
<MEAN> 25
 -1.563749e+000 3.923634e+000 2.138977e+000 3.817599e+000 1.547031e+000 1.216242e-001 1.308570e+000 4.591714e-001 8.112909e-001 4.293758e-001 -8.836560e-001 -3.555735e-002 -5.662382e-001 4.526391e-002 -2.531524e-001 6.405586e-003 -7.763191e-002 2.402852e-001 2.059126e-001 1.698083e-001 1.690674e-001 2.823136e-001 3.795680e-001 1.313977e-001 -7.035941e-001
<VARIANCE> 25
 2.981042e+001 2.848373e+001 4.010744e+001 3.230651e+001 6.317712e+001 4.125377e+001 4.306694e+001 4.912839e+001 4.824677e+001 3.509670e+001 3.686737e+001 2.806264e+001 1.109222e+000 1.434949e+000 1.489989e+000 2.522178e+000 2.611778e+000 2.458646e+000 2.631480e+000 2.391537e+000 2.363617e+000 2.188425e+000 2.156121e+000 1.970085e+000 1.474160e+000
<GCONST> 9.872268e+001
<STATE> 3
<MEAN> 25
 -4.458914e+000 3.865623e+000 -2.693325e+000 5.504180e+000 9.848797e-001 3.801817e-001 1.962891e+000 -1.188762e+000 -9.530821e-001 1.647807e-001 -4.996429e-001 1.474192e+000 -1.477690e-001 -2.767533e-002 -9.110233e-002 2.774884e-002 -6.397917e-002 -3.622963e-002 -7.598088e-003 -1.133165e-001 -7.265630e-002 4.145508e-002 1.459458e-004 -1.840230e-002 -1.968092e-001
<VARIANCE> 25
 1.536230e+001 1.016659e+001 1.858065e+001 5.047485e+001 2.127965e+001 2.134730e+001 3.299598e+001 3.047615e+001 2.707946e+001 4.021091e+001 1.855913e+001 1.950253e+001 2.070431e-001 4.951507e-001 6.925791e-001 9.685424e-001 1.500260e+000 1.724766e+000 1.801477e+000 1.907662e+000 1.926142e+000 1.857407e+000 1.519386e+000 1.202628e+000 1.359702e-001
<GCONST> 8.314837e+001
<STATE> 4
<MEAN> 25
 -4.049051e+000 2.427546e+000 -1.176633e+000 4.471464e+000 2.376669e+000 3.568779e+000 4.862814e+000 1.318514e+000 3.120017e+000 2.094797e+000 1.972667e+000 4.843355e-001 -3.264632e-002 4.787317e-002 4.587329e-002 6.998137e-002 2.772098e-002 1.219691e-003 -4.193927e-003 -7.319026e-002 -6.537951e-002 4.023539e-003 -2.777645e-003 -2.372583e-002 -3.586236e-002
<VARIANCE> 25
 4.100870e+000 8.136569e+000 9.920706e+000 2.181323e+001 9.304856e+000 1.243670e+001 1.459669e+001 1.545522e+001 1.558234e+001 1.338083e+001 1.528572e+001 1.226909e+001 1.148435e-001 3.150726e-001 4.117631e-001 4.881581e-001 6.344578e-001 6.448002e-001 8.487389e-001 9.842112e-001 1.057146e+000 1.105410e+000 1.020487e+000 8.879765e-001 7.382103e-002
<GCONST> 6.702940e+001
<TRANSP> 5
 0.000000e+000 1.000000e+000 0.000000e+000 0.000000e+000 0.000000e+000
 0.000000e+000 5.865045e-001 4.134955e-001 0.000000e+000 0.000000e+000
 0.000000e+000 0.000000e+000 8.234892e-001 1.765108e-001 0.000000e+000
 0.000000e+000 0.000000e+000 0.000000e+000 9.185398e-001 8.146020e-002
 0.000000e+000 0.000000e+000 0.000000e+000 0.000000e+000 0.000000e+000
<ENDHMM>
~h "c"
<BEGINHMM>
<NUMSTATES> 5
<STATE> 2
<MEAN> 25
 -3.555011e+000 1.863826e+000 -1.610269e+000 3.761395e+000 2.317232e+000 5.177603e+000 3.414261e+000 4.504808e-001 3.237854e+000 3.342045e+000 1.252825e+000 2.297781e+000 -1.275678e-001 -9.051449e-002 -6.057236e-002 -7.716975e-002 -2.045837e-002 4.523135e-002 1.496239e-001 8.852673e-002 1.591468e-002 7.590650e-002 9.341012e-002 9.444565e-002 -1.077731e-001
<VARIANCE> 25
 6.041011e+000 4.996761e+000 1.638122e+001 3.936815e+001 9.922500e+000 2.225887e+001 1.417066e+001 1.432590e+001 1.825130e+001 2.339199e+001 1.109343e+001 1.271543e+001 1.369757e-001 2.340242e-001 5.133082e-001 9.771892e-001 6.226407e-001 9.785963e-001 1.773946e+000 1.458394e+000 1.593229e+000 1.558521e+000 1.069442e+000 8.618501e-001 1.259983e-001
<GCONST> 7.262133e+001
<STATE> 3
<MEAN> 25
 -4.330773e+000 -2.157486e+000 1.279163e+000 2.075510e+000 4.066903e-001 2.707657e+000 5.015153e+000 3.158633e+000 3.761624e-001 1.725527e+000 2.710980e+000 3.287172e+000 -3.771005e-001 -1.544958e+000 1.128534e+000 1.077130e+000 -5.747560e-001 -1.811206e+000 1.913983e-001 9.448861e-001 -1.224752e+000 -1.344438e+000 1.426211e-001 2.661746e-001 6.723838e-001
<VARIANCE> 25
 1.110846e+001 2.686366e+001 2.610997e+001 3.716876e+001 6.721004e+000 3.577604e+001 2.545018e+001 3.082797e+001 2.931816e+001 2.365785e+001 1.183348e+001 9.609602e+000 3.564733e-001 3.995924e+000 2.426661e+000 3.955246e+000 1.516852e+000 1.490411e+000 2.222352e+000 3.121729e+000 2.741032e+000 1.677628e+000 1.347234e+000 1.256596e+000 8.498031e-001
<GCONST> 8.920386e+001
<STATE> 4
<MEAN> 25
 -9.603302e+000 -1.664498e+000 3.475745e+000 -1.007130e-001 -2.538946e-001 -1.064312e+000 5.288177e+000 -4.007994e-001 -2.006018e-001 7.186397e-001 3.218589e+000 4.383022e+000 1.765625e-001 -5.482444e-001 8.913987e-001 -6.008794e-001 3.551217e-002 -8.408688e-001 -1.144841e+000 -5.269627e-001 1.841113e-001 -1.970772e-001 -3.343292e-002 -1.120530e-001 2.246338e+000
<VARIANCE> 25
 6.067574e+001 2.559151e+002 8.119413e+001 5.050586e+001 8.997565e+001 3.809265e+001 7.864914e+001 2.967596e+001 5.571611e+001 2.991198e+001 1.779719e+001 3.065102e+001 1.256215e+001 1.652259e+001 1.070315e+001 4.656922e+000 9.378676e+000 2.880420e+000 8.300197e+000 4.803190e+000 4.509009e+000 4.087667e+000 2.860213e+000 5.067038e+000 3.641318e+000
<GCONST> 1.166377e+002
<TRANSP> 5
 0.000000e+000 1.000000e+000 0.000000e+000 0.000000e+000 0.000000e+000
 0.000000e+000 9.339283e-001 6.607167e-002 0.000000e+000 0.000000e+000
 0.000000e+000 0.000000e+000 5.896547e-001 4.103453e-001 0.000000e+000
 0.000000e+000 0.000000e+000 0.000000e+000 8.082615e-001 1.917385e-001
 0.000000e+000 0.000000e+000 0.000000e+000 0.000000e+000 0.000000e+000
<ENDHMM>
~h "d"
<BEGINHMM>
<NUMSTATES> 5
<STATE> 2
<MEAN> 25
 4.140168e+000 9.160159e-002 -1.658337e-001 3.331597e-001 8.986078e-001 -3.170865e+000 -3.602799e+000 -1.352358e+000 -3.017249e+000 -3.899206e+000 -1.967023e+000 3.668106e+000 -4.040159e-001 5.354911e-001 -2.602531e-001 1.756188e-001 9.745757e-003 1.834404e-001 5.350077e-001 1.217011e-002 2.240068e-001 5.419886e-002 -8.860051e-002 -1.391764e-001 -9.606481e-001
<VARIANCE> 25
 1.281409e+001 2.581722e+001 3.362736e+001 3.488107e+001 5.743106e+001 3.507346e+001 4.683461e+001 6.709827e+001 4.300619e+001 2.284096e+001 4.197082e+001 2.635649e+001 6.832886e-001 1.591600e+000 2.186520e+000 2.175246e+000 1.793913e+000 2.608235e+000 2.824562e+000 2.801360e+000 2.422266e+000 2.172750e+000 2.838681e+000 2.040990e+000 2.309899e+000
<GCONST> 9.788476e+001
<STATE> 3
<MEAN> 25
 1.645763e+000 4.199739e+000 1.352338e+000 1.795288e+000 2.299451e-001 9.581946e-001 -7.589337e-001 -7.932471e-001 -1.458821e+000 -1.810280e+000 -1.841580e+000 -7.331502e-001 -4.957222e-001 1.490595e-001 -2.657598e-002 1.286262e-001 9.062263e-002 2.472936e-001 4.710118e-001 2.746638e-001 3.457130e-001 4.243210e-001 2.450836e-001 -5.419397e-002 -6.202134e-001
<VARIANCE> 25
 1.601503e+001 1.663515e+001 2.733774e+001 2.927420e+001 3.186700e+001 2.594199e+001 2.600584e+001 2.445194e+001 2.658512e+001 2.201966e+001 2.287943e+001 2.073333e+001 2.403979e-001 6.678561e-001 7.461455e-001 9.354533e-001 1.166214e+000 1.508313e+000 1.517498e+000 1.126567e+000 1.341357e+000 1.622775e+000 1.339178e+000 1.045420e+000 2.235516e-001
<GCONST> 8.245216e+001
<STATE> 4
<MEAN> 25
 -3.692573e+000 1.655274e+000 2.778417e-002 2.088830e+000 1.484298e+000 2.762433e+000 2.887104e+000 9.052999e-001 2.187525e+000 2.852688e+000 9.798445e-001 1.002850e-001 -7.251621e-002 3.041052e-002 -8.105187e-004 4.401964e-002 9.688514e-002 4.971465e-002 5.027013e-003 -6.733919e-002 -2.972184e-002 4.981573e-002 6.668195e-002 1.251894e-002 -7.454792e-002
<VARIANCE> 25
 6.572587e+000 8.372395e+000 1.106097e+001 1.640378e+001 1.267022e+001 1.619523e+001 1.694082e+001 2.000797e+001 1.857479e+001 1.389290e+001 1.247012e+001 1.210929e+001 1.773744e-001 3.330972e-001 4.077925e-001 5.521836e-001 7.376301e-001 8.011151e-001 9.059940e-001 9.749357e-001 1.028945e+000 1.001947e+000 1.053828e+000 9.889138e-001 9.224927e-002
<GCONST> 6.959467e+001
<TRANSP> 5
 0.000000e+000 1.000000e+000 0.000000e+000 0.000000e+000 0.000000e+000
 0.000000e+000 8.011457e-001 1.988544e-001 0.000000e+000 0.000000e+000
 0.000000e+000 0.000000e+000 7.486007e-001 2.513993e-001 0.000000e+000
 0.000000e+000 0.000000e+000 0.000000e+000 9.226426e-001 7.735737e-002
 0.000000e+000 0.000000e+000 0.000000e+000 0.000000e+000 0.000000e+000
<ENDHMM>
~h "e"
<BEGINHMM>
<NUMSTATES> 5
<STATE> 2
<MEAN> 25
 5.552209e+000 -3.068063e+000 -1.143453e+000 5.384105e+000 2.410227e+000 -7.554729e+000 -1.073875e+001 -9.598267e+000 -5.704777e+000 6.544663e-001 2.055645e+000 -7.864079e-001 1.771326e-002 -1.323334e-001 1.068360e-001 3.399223e-001 2.126808e-002 -3.904101e-001 -2.781969e-001 -6.190691e-002 1.605678e-001 2.779851e-001 -5.288950e-003 -2.717404e-001 5.580324e-002
<VARIANCE> 25
 1.296478e+001 3.209732e+001 5.850465e+001 4.445427e+001 2.325118e+001 6.306407e+001 5.966201e+001 4.113673e+001 3.152906e+001 6.659644e+001 5.118579e+001 3.208050e+001 5.935054e-001 1.858068e+000 1.514488e+000 1.629819e+000 1.279534e+000 4.509086e+000 2.812351e+000 2.450592e+000 2.986166e+000 3.089575e+000 2.403583e+000 1.857265e+000 9.130585e-001
<GCONST> 9.830233e+001
<STATE> 3
<MEAN> 25
 2.021386e+000 2.063889e+000 2.037806e+000 4.175789e+000 2.798584e+000 6.273263e-001 -2.958418e+000 -3.310121e+000 -6.673213e-001 -2.131357e+000 -3.281328e+000 -4.079389e+000 -5.063217e-001 3.445300e-001 -1.968575e-001 -9.736965e-002 3.825988e-001 1.032916e+000 1.082749e+000 5.453984e-001 3.119612e-001 -1.909899e-002 -1.010827e-001 3.101832e-001 -7.295997e-001
<VARIANCE> 25
 1.194633e+001 9.155584e+000 2.002678e+001 3.368688e+001 4.178794e+001 4.290313e+001 3.584913e+001 2.919412e+001 2.942043e+001 4.667357e+001 3.247351e+001 1.975567e+001 2.302921e-001 7.323602e-001 9.517104e-001 9.833472e-001 1.262421e+000 1.607872e+000 1.500323e+000 1.413599e+000 1.962326e+000 2.225766e+000 2.178648e+000 1.424055e+000 1.660031e-001
<GCONST> 8.571375e+001
<STATE> 4
<MEAN> 25
 -3.827873e+000 1.119498e+000 2.790315e-001 2.384663e+000 2.904767e+000 4.905419e+000 2.964489e+000 9.659215e-001 4.128580e+000 3.493824e+000 9.907534e-001 2.337597e-001 -9.001455e-002 -6.914166e-004 -2.171558e-002 -3.196400e-002 -4.622852e-002 4.386289e-002 1.100872e-001 1.010375e-001 6.887431e-002 3.941876e-002 9.205928e-002 5.032327e-002 -7.270589e-002
<VARIANCE> 25
 4.408342e+000 4.607189e+000 1.015798e+001 2.517989e+001 8.262108e+000 1.808506e+001 1.245887e+001 1.205841e+001 1.446396e+001 1.733885e+001 9.845559e+000 9.428684e+000 9.682681e-002 2.760350e-001 3.548724e-001 4.414743e-001 4.875273e-001 6.601079e-001 9.022802e-001 7.988210e-001 1.093239e+000 1.150488e+000 9.880251e-001 8.928525e-001 6.027537e-002
<GCONST> 6.493491e+001
<TRANSP> 5
 0.000000e+000 1.000000e+000 0.000000e+000 0.000000e+000 0.000000e+000
 0.000000e+000 9.087008e-001 9.129918e-002 0.000000e+000 0.000000e+000
 0.000000e+000 0.000000e+000 8.351671e-001 1.648329e-001 0.000000e+000
 0.000000e+000 0.000000e+000 0.000000e+000 9.152654e-001 8.473462e-002
 0.000000e+000 0.000000e+000 0.000000e+000 0.000000e+000 0.000000e+000
<ENDHMM>
~h "f"
<BEGINHMM>
<NUMSTATES> 5
<STATE> 2
<MEAN> 25
 -7.570575e+000 -4.008187e+000 1.833518e+000 1.684030e+000 5.568753e+000 -9.150867e-001 3.658731e+000 3.060608e-001 4.324979e+000 2.626805e+000 2.367694e+000 1.529710e+000 2.735389e-001 -2.699060e-001 -1.121611e-001 -6.897514e-001 1.894387e-001 7.064762e-002 -7.970908e-002 -2.026311e-001 -1.271152e-001 -1.795096e-001 -1.879426e-001 -2.202462e-001 6.478254e-001
<VARIANCE> 25
 2.206472e+001 2.410263e+001 8.436839e+000 1.941357e+001 2.283487e+001 3.166710e+001 2.060418e+001 1.481252e+001 1.422675e+001 1.438377e+001 9.792566e+000 1.051304e+001 6.442913e+000 1.585602e+000 1.379594e+000 2.388401e+000 3.729866e+000 3.006972e+000 2.596844e+000 1.388175e+000 2.486660e+000 1.467722e+000 1.330680e+000 1.921978e+000 1.163482e+000
<GCONST> 8.918287e+001
<STATE> 3
<MEAN> 25
 7.593610e+000 -4.489839e+000 -9.089115e+000 -7.613691e+000 -9.624352e+000 -5.371280e+000 6.025563e+000 5.971035e+000 -4.018939e+000 -6.308372e+000 -1.992242e-001 6.763194e-001 1.071404e+000 -3.706588e-001 -6.864612e-001 -1.001182e+000 -6.733962e-001 8.999185e-003 -8.399659e-002 4.377488e-001 -4.728558e-001 -4.272745e-001 -1.728054e-001 -3.435608e-001 7.861496e-001
<VARIANCE> 25
 5.529079e+000 1.817794e+001 1.952124e+001 9.371540e+000 4.610829e+001 3.493856e+001 4.432121e+001 4.233633e+001 1.568313e+001 2.089068e+001 1.976328e+001 2.233745e+001 4.557349e+000 1.358538e+000 2.666402e+000 5.262092e+000 2.174531e+000 2.137066e+000 2.927047e+000 1.801892e+000 1.622486e+000 1.229429e+000 1.478020e+000 2.215789e+000 2.560169e+000
<GCONST> 9.305039e+001
<STATE> 4
<MEAN> 25
 5.939997e+000 -8.915796e+000 -4.750115e+000 -1.695285e+001 7.497388e+000 4.904565e+000 -4.552405e+000 -2.252728e+000 1.524536e+000 -2.510399e-001 5.832176e-001 -6.009684e+000 -1.032200e-002 1.445671e-001 9.139609e-002 3.119727e-002 -6.352390e-003 -9.517956e-002 1.232710e-001 -1.714728e-001 9.348792e-002 1.088843e-001 -2.112921e-001 -1.272078e-001 -7.366128e-002
<VARIANCE> 25
 2.024447e+001 2.532619e+001 2.362144e+001 5.179324e+001 8.750165e+001 3.566113e+001 5.193843e+001 1.651068e+001 4.074958e+001 2.487374e+001 1.626663e+001 1.769912e+001 1.538200e+000 2.808080e+000 2.292883e+000 5.753351e+000 3.755408e+000 2.827954e+000 4.055796e+000 2.036136e+000 2.720580e+000 1.477841e+000 1.855091e+000 1.377183e+000 3.195733e+000
<GCONST> 9.868761e+001
<TRANSP> 5
 0.000000e+000 1.000000e+000 0.000000e+000 0.000000e+000 0.000000e+000
 0.000000e+000 8.946491e-001 1.053509e-001 0.000000e+000 0.000000e+000
 0.000000e+000 0.000000e+000 7.496896e-001 2.503104e-001 0.000000e+000
 0.000000e+000 0.000000e+000 0.000000e+000 8.857852e-001 1.142148e-001
 0.000000e+000 0.000000e+000 0.000000e+000 0.000000e+000 0.000000e+000
<ENDHMM>
~h "g"
<BEGINHMM>
<NUMSTATES> 5
<STATE> 2
<MEAN> 25
 -3.909335e+000 2.780770e+000 -1.488547e+000 4.818394e+000 2.282860e+000 1.401337e+000 2.888470e+000 5.310467e-002 9.708443e-001 5.152953e-001 6.000803e-002 1.029482e+000 -4.297816e-002 -1.501221e-002 -1.066062e-001 -6.194570e-002 -1.827637e-002 2.651447e-002 -9.070395e-003 -4.344533e-002 -4.784506e-002 9.137352e-002 5.842350e-002 -3.117896e-002 -8.035565e-002
<VARIANCE> 25
 6.140701e+000 8.306463e+000 1.623577e+001 2.119495e+001 1.028067e+001 1.493912e+001 2.441921e+001 2.148618e+001 2.123195e+001 2.236296e+001 1.742375e+001 1.517888e+001 1.813680e-001 4.443486e-001 6.358159e-001 7.658489e-001 9.796869e-001 1.072258e+000 1.335157e+000 1.586264e+000 1.268271e+000 1.616646e+000 1.430532e+000 1.082323e+000 1.154848e-001
<GCONST> 7.531580e+001
<STATE> 3
<MEAN> 25
 -5.334710e+000 -2.701781e+000 -1.355565e+000 1.782076e+000 7.422392e-001 4.571477e-001 2.586500e+000 -3.178746e-001 -1.679663e+000 2.443030e+000 9.356527e-001 -4.982610e-001 6.824775e-002 -2.370834e+000 2.037517e-002 -2.344769e+000 -8.744860e-001 -4.688686e-001 -8.460629e-002 4.998187e-001 -2.418957e-001 -9.259024e-002 4.921273e-001 -4.013796e-001 2.941474e+000
<VARIANCE> 25
 1.682363e+001 1.093628e+002 2.585273e+001 5.769587e+001 5.224974e+001 5.904770e+001 4.142817e+001 3.062953e+001 2.266729e+001 2.816575e+001 1.917451e+001 2.793598e+001 1.351900e+000 9.128269e+000 5.158627e+000 6.637776e+000 1.488252e+001 5.698243e+000 5.564750e+000 6.598958e+000 2.904282e+000 4.766480e+000 4.515011e+000 2.982148e+000 4.928200e+000
<GCONST> 1.096077e+002
<STATE> 4
<MEAN> 25
 -1.827740e+000 -3.375885e+000 -1.513478e+000 -5.028603e+000 3.287891e-001 5.284947e-001 -2.707333e-001 -1.513972e+000 -3.929122e+000 3.346447e+000 3.111217e+000 -1.428779e+000 1.607099e+000 1.354300e+000 1.470307e+000 1.236906e-001 -5.481808e-001 -3.161470e-001 -1.770218e+000 -8.575572e-001 -7.440410e-001 -7.865525e-001 7.750513e-002 -9.819137e-002 1.386116e+000
<VARIANCE> 25
 1.990610e+001 4.983643e+001 1.060703e+002 7.392233e+001 2.309188e+002 6.768484e+001 5.750013e+001 7.049582e+001 3.857146e+001 6.127280e+001 4.447714e+001 3.846901e+001 2.171859e+000 5.596948e+000 5.257137e+000 8.286597e+000 1.146799e+001 4.100685e+000 4.758888e+000 3.464219e+000 3.542719e+000 5.617209e+000 3.906816e+000 2.567103e+000 5.113566e+000
<GCONST> 1.148441e+002
<TRANSP> 5
 0.000000e+000 1.000000e+000 0.000000e+000 0.000000e+000 0.000000e+000
 0.000000e+000 9.422001e-001 5.779986e-002 0.000000e+000 0.000000e+000
 0.000000e+000 0.000000e+000 6.422948e-001 3.577052e-001 0.000000e+000
 0.000000e+000 0.000000e+000 0.000000e+000 6.310960e-001 3.689039e-001
 0.000000e+000 0.000000e+000 0.000000e+000 0.000000e+000 0.000000e+000
<ENDHMM>
~h "h"
<BEGINHMM>
<NUMSTATES> 5
<STATE> 2
<MEAN> 25
 -4.112754e-001 -7.081354e+000 -1.945392e+000 -1.472933e+000 3.843697e+000 -3.173036e-001 5.795589e+000 3.443139e+000 -3.196120e-002 -1.777304e+000 -8.107132e-001 -2.850622e-002 -6.100070e-001 1.412844e-001 -2.742805e-001 5.692864e-001 8.742602e-002 3.005887e-001 6.028121e-001 -1.397878e-002 1.083772e-001 3.566209e-001 1.354378e-001 3.778767e-001 -1.095192e+000
<VARIANCE> 25
 2.827074e+001 3.040168e+001 3.258714e+001 4.204847e+001 1.063487e+002 4.481068e+001 6.085391e+001 4.249508e+001 5.159563e+001 4.181612e+001 5.646450e+001 2.498101e+001 7.441102e-001 1.666470e+000 1.426222e+000 2.178182e+000 2.516367e+000 2.469140e+000 4.034169e+000 2.231716e+000 2.729635e+000 2.638198e+000 2.373564e+000 1.838361e+000 9.038413e-001
<GCONST> 9.990082e+001
<STATE> 3
<MEAN> 25
 -1.638630e+000 -5.051075e+000 -3.835257e+000 1.745180e+000 3.126503e+000 1.743461e+000 5.328746e+000 3.620185e+000 2.060410e+000 8.756000e-001 3.700154e-001 2.392949e+000 -1.932024e-001 6.243014e-001 1.309980e-001 2.430485e-001 -1.559779e-001 2.390790e-001 -8.203278e-002 4.126576e-002 3.797419e-001 2.411998e-001 1.634293e-001 -9.576884e-002 -7.162828e-001
<VARIANCE> 25
 5.742815e+000 2.642215e+001 1.093692e+001 3.846341e+001 2.865365e+001 1.644721e+001 1.969474e+001 1.998803e+001 2.333056e+001 2.354221e+001 2.104424e+001 2.320560e+001 1.810506e-001 6.200294e-001 6.121841e-001 8.302143e-001 9.675292e-001 9.189301e-001 1.015703e+000 1.295124e+000 1.360397e+000 1.286033e+000 1.371059e+000 1.080998e+000 1.446603e-001
<GCONST> 7.795374e+001
<STATE> 4
<MEAN> 25
 -3.573056e+000 1.307444e+000 -1.895648e+000 4.694659e+000 1.327326e+000 2.854298e+000 4.323142e+000 1.609354e+000 3.400133e+000 2.916150e+000 2.541582e+000 1.233752e+000 -3.396451e-002 3.696469e-002 3.313318e-002 5.658103e-002 8.514626e-003 1.190084e-002 -4.096032e-002 -7.316808e-002 -5.755825e-002 -2.117982e-002 2.039008e-003 5.297325e-003 -4.489933e-002
<VARIANCE> 25
 2.941658e+000 7.689145e+000 7.623244e+000 2.583120e+001 1.039086e+001 1.067172e+001 1.686193e+001 1.731248e+001 1.616087e+001 1.387352e+001 1.371010e+001 1.067194e+001 8.645771e-002 2.469334e-001 3.848321e-001 5.630029e-001 6.458058e-001 8.638135e-001 1.082144e+000 1.122985e+000 1.007297e+000 1.167794e+000 1.091558e+000 8.385490e-001 6.011760e-002
<GCONST> 6.662941e+001
<TRANSP> 5
 0.000000e+000 1.000000e+000 0.000000e+000 0.000000e+000 0.000000e+000
 0.000000e+000 8.540231e-001 1.459769e-001 0.000000e+000 0.000000e+000
 0.000000e+000 0.000000e+000 8.559306e-001 1.440694e-001 0.000000e+000
 0.000000e+000 0.000000e+000 0.000000e+000 9.451919e-001 5.480815e-002
 0.000000e+000 0.000000e+000 0.000000e+000 0.000000e+000 0.000000e+000
<ENDHMM>
~h "i"
<BEGINHMM>
<NUMSTATES> 5
<STATE> 2
<MEAN> 25
 -2.603906e+000 -1.726593e+000 1.041486e+001 3.128395e+000 -1.525688e+000 -2.576784e+000 -1.801563e+000 -3.903283e+000 -2.910865e+000 -4.264267e-001 1.635307e+000 -2.456918e+000 8.159162e-001 6.706461e-002 2.002307e+000 5.209499e-001 -5.707535e-001 -7.501721e-001 -1.906449e+000 -6.721817e-001 -1.072576e+000 -8.518664e-001 -2.316385e-001 -8.323123e-001 1.362563e+000
<VARIANCE> 25
 5.463387e+001 8.565195e+001 1.012308e+002 1.208738e+002 1.139142e+002 8.288906e+001 8.217857e+001 5.277005e+001 6.000294e+001 5.058702e+001 4.874332e+001 4.017630e+001 3.935374e+000 4.147566e+000 7.449059e+000 1.055932e+001 8.589469e+000 7.337845e+000 6.589863e+000 5.058429e+000 5.702847e+000 4.920295e+000 4.580187e+000 2.510174e+000 3.652323e+000
<GCONST> 1.188153e+002
<STATE> 3
<MEAN> 25
 1.611851e+000 -1.020312e+000 9.561829e+000 1.223352e+001 2.881769e+000 -9.185974e+000 -9.657461e+000 -2.059211e+000 -3.446540e+000 -6.800947e+000 -4.625878e+000 -4.932911e+000 -9.877753e-002 2.243603e-001 4.509782e-002 -1.961367e-001 -1.090999e-001 2.973941e-001 1.547939e-001 1.252692e-001 1.630229e-001 4.270701e-002 -1.621006e-001 7.696836e-003 -2.411676e-001
<VARIANCE> 25
 6.766891e+000 2.478388e+001 3.827880e+001 8.940933e+001 6.380764e+001 4.234248e+001 2.822942e+001 3.844289e+001 3.044151e+001 2.226198e+001 3.169963e+001 2.435371e+001 2.386693e-001 7.605246e-001 9.439683e-001 1.573549e+000 1.268572e+000 2.898052e+000 1.583509e+000 1.907586e+000 1.511197e+000 1.551403e+000 1.280008e+000 1.149738e+000 3.905044e-001
<GCONST> 8.866096e+001
<STATE> 4
<MEAN> 25
 -3.406267e-001 5.289705e+000 1.737291e+001 -4.874690e+000 -9.927558e+000 3.229246e-001 -8.471932e+000 -7.226207e+000 -7.334957e+000 -1.290815e+000 1.574514e+000 -2.952990e+000 -8.165034e-002 7.735255e-002 -8.083391e-001 3.058119e-001 5.275328e-001 1.397346e-001 5.154305e-001 1.857362e-001 3.228167e-001 1.340405e-001 1.059859e-002 3.888915e-001 -7.960874e-001
<VARIANCE> 25
 1.523912e+001 2.160471e+001 5.702466e+001 8.279451e+001 7.353189e+001 3.163901e+001 4.407261e+001 5.748018e+001 4.008318e+001 3.885758e+001 4.240118e+001 3.312149e+001 4.906103e-001 9.247742e-001 2.067851e+000 2.353419e+000 2.345413e+000 1.855404e+000 2.239887e+000 2.087558e+000 1.632725e+000 1.689062e+000 1.544728e+000 1.503589e+000 1.074387e+000
<GCONST> 9.612508e+001
<TRANSP> 5
 0.000000e+000 1.000000e+000 0.000000e+000 0.000000e+000 0.000000e+000
 0.000000e+000 8.020535e-001 1.979465e-001 0.000000e+000 0.000000e+000
 0.000000e+000 0.000000e+000 8.731309e-001 1.268691e-001 0.000000e+000
 0.000000e+000 0.000000e+000 0.000000e+000 8.565429e-001 1.434571e-001
 0.000000e+000 0.000000e+000 0.000000e+000 0.000000e+000 0.000000e+000
<ENDHMM>
~h "j"
<BEGINHMM>
<NUMSTATES> 5
<STATE> 2
<MEAN> 25
 -3.072178e+000 3.329832e+000 -3.695130e+000 8.832291e+000 -1.094454e+000 2.478900e+000 3.163133e+000 2.215510e+000 -4.503628e-001 -4.688435e-001 9.406819e-001 2.417558e+000 -1.247965e-001 -1.045118e-001 2.222612e-002 9.603973e-003 4.855977e-002 1.212751e-001 -9.374278e-003 4.448996e-002 -5.154553e-002 -3.121222e-002 1.215934e-001 1.136532e-001 -5.471433e-002
<VARIANCE> 25
 5.799890e+000 1.248001e+001 1.005640e+001 2.370818e+001 1.495705e+001 2.253612e+001 2.731852e+001 1.837578e+001 2.287051e+001 1.941586e+001 1.498379e+001 1.109816e+001 2.593634e-001 5.166227e-001 6.126479e-001 1.073457e+000 1.366214e+000 2.076839e+000 2.140555e+000 1.408503e+000 1.848748e+000 1.755857e+000 1.312144e+000 1.023327e+000 3.252445e-001
<GCONST> 7.901795e+001
<STATE> 3
<MEAN> 25
 -5.863909e+000 -1.045580e+000 6.353363e+000 -4.110206e+000 -9.463760e-001 -7.032174e+000 4.512713e+000 -1.034919e+000 2.430364e+000 -2.710756e+000 3.075155e+000 1.221900e+000 2.104062e-001 -3.807631e-001 3.732192e-001 -5.837117e-001 -1.557067e-001 -5.424069e-001 -2.848878e-001 -6.225775e-002 1.302931e-001 -2.537077e-001 2.958992e-002 -1.546059e-001 1.290557e+000
<VARIANCE> 25
 8.452619e+001 6.783352e+001 5.775652e+001 7.480882e+001 4.080810e+001 6.280945e+001 7.977460e+001 2.317966e+001 3.337000e+001 4.211066e+001 2.154066e+001 3.262259e+001 8.471999e+000 4.479784e+000 4.096399e+000 5.915399e+000 5.770010e+000 5.173790e+000 7.323837e+000 2.333691e+000 3.229097e+000 2.998221e+000 2.204526e+000 2.960512e+000 9.848973e+000
<GCONST> 1.116389e+002
<STATE> 4
<MEAN> 25
 -3.113434e+000 4.409935e-001 -1.256400e+000 -1.347569e+000 -1.753384e-001 2.409558e+000 2.129411e+000 1.382978e+000 3.079639e+000 3.415230e+000 9.430380e-001 1.356079e-001 -7.727027e-002 -2.345251e-002 4.565743e-002 1.306541e-001 9.924699e-002 8.475086e-002 -1.139981e-002 3.706729e-003 1.805183e-002 6.415623e-002 -7.147835e-002 -1.198149e-001 -8.568506e-002
<VARIANCE> 25
 1.658066e+001 9.746720e+000 1.399368e+001 1.970936e+001 1.243239e+001 2.172925e+001 1.890928e+001 1.617989e+001 2.126133e+001 1.515352e+001 8.910045e+000 8.668468e+000 1.330720e-001 3.502631e-001 4.571428e-001 5.140857e-001 5.039032e-001 8.950435e-001 8.045220e-001 7.147213e-001 9.861178e-001 9.238446e-001 9.120660e-001 8.150589e-001 1.347408e-001
<GCONST> 6.983836e+001
<TRANSP> 5
 0.000000e+000 1.000000e+000 0.000000e+000 0.000000e+000 0.000000e+000
 0.000000e+000 9.056135e-001 9.438654e-002 0.000000e+000 0.000000e+000
 0.000000e+000 0.000000e+000 9.108109e-001 8.918905e-002 0.000000e+000
 0.000000e+000 0.000000e+000 0.000000e+000 9.381545e-001 6.184544e-002
 0.000000e+000 0.000000e+000 0.000000e+000 0.000000e+000 0.000000e+000
<ENDHMM>
~h "k"
<BEGINHMM>
<NUMSTATES> 5
<STATE> 2
<MEAN> 25
 -3.581255e+000 2.440815e+000 -1.081572e+000 4.388113e+000 1.595817e+000 3.508458e+000 2.421854e+000 6.250930e-001 1.965571e+000 1.596965e+000 4.529882e-001 1.462842e+000 -1.651680e-001 -6.101661e-002 -1.579362e-001 5.695643e-003 1.689381e-001 2.603462e-001 2.073774e-001 2.537024e-002 3.256540e-002 1.839617e-001 1.687761e-001 1.127030e-001 -1.468912e-001
<VARIANCE> 25
 4.012491e+000 9.195860e+000 1.923518e+001 3.964651e+001 1.471641e+001 2.070757e+001 1.670074e+001 1.775775e+001 2.170608e+001 2.680260e+001 1.559110e+001 1.521885e+001 2.608427e-001 4.241076e-001 7.004431e-001 9.217521e-001 1.017625e+000 1.517719e+000 1.564378e+000 1.509859e+000 1.820486e+000 1.648829e+000 1.338211e+000 1.150679e+000 1.981713e-001
<GCONST> 7.800619e+001
<STATE> 3
<MEAN> 25
 -4.315820e+000 1.124253e+000 -3.164073e+000 1.409017e+000 1.655657e+000 2.310987e+000 3.396571e+000 -1.011199e+000 -1.548084e+000 1.525684e+000 3.559460e-001 1.852139e+000 -3.465268e-002 -2.278340e+000 -7.698632e-001 -1.601318e+000 -2.941749e-001 -1.235279e-001 6.656069e-001 -9.521011e-001 -1.460058e+000 -6.799446e-001 7.095071e-001 -7.964452e-002 2.760735e+000
<VARIANCE> 25
 1.369513e+001 3.306913e+001 2.743032e+001 7.747169e+001 3.649027e+001 5.126585e+001 4.294009e+001 3.852290e+001 4.291134e+001 2.772822e+001 2.518475e+001 1.743098e+001 1.901790e+000 5.496329e+000 4.696070e+000 8.190468e+000 1.174169e+001 7.791927e+000 9.196053e+000 6.858522e+000 6.604794e+000 7.917756e+000 4.793682e+000 3.485034e+000 5.718089e+000
<GCONST> 1.110087e+002
<STATE> 4
<MEAN> 25
 1.368309e-001 -7.766287e+000 -3.108020e+000 -1.002951e+001 2.878087e+000 3.157428e+000 4.226382e+000 -4.875954e-001 7.298653e-001 1.581532e+000 3.161247e+000 -2.357373e+000 1.172345e+000 -2.528374e-001 5.267522e-001 -5.952209e-001 -3.302397e-001 -5.894002e-001 -7.886316e-001 -1.508174e-001 3.445234e-001 -2.060345e-002 -6.961028e-002 -3.001842e-001 1.580046e+000
<VARIANCE> 25
 3.969947e+001 6.201194e+001 5.711650e+001 1.121721e+002 1.910187e+002 7.536250e+001 7.430690e+001 5.287486e+001 9.253118e+001 6.820467e+001 3.841765e+001 4.432462e+001 4.281227e+000 5.640895e+000 4.687749e+000 1.201362e+001 7.172095e+000 5.357821e+000 6.439750e+000 3.911124e+000 5.942341e+000 3.967035e+000 3.572376e+000 3.869665e+000 9.333763e+000
<GCONST> 1.186721e+002
<TRANSP> 5
 0.000000e+000 1.000000e+000 0.000000e+000 0.000000e+000 0.000000e+000
 0.000000e+000 9.015118e-001 9.848826e-002 0.000000e+000 0.000000e+000
 0.000000e+000 0.000000e+000 5.760298e-001 4.239702e-001 0.000000e+000
 0.000000e+000 0.000000e+000 0.000000e+000 7.133969e-001 2.866032e-001
 0.000000e+000 0.000000e+000 0.000000e+000 0.000000e+000 0.000000e+000
<ENDHMM>
~h "l"
<BEGINHMM>
<NUMSTATES> 5
<STATE> 2
<MEAN> 25
 8.013883e+000 -2.361897e+000 1.499413e+000 -4.134027e-001 -1.798136e+000 -2.669903e+000 -4.330990e+000 8.257085e-001 8.633773e-001 -5.784892e+000 -6.186582e+000 -9.219149e-001 2.504053e-001 -2.736740e-001 -1.378235e-001 -8.716783e-003 -3.562516e-001 -6.151995e-001 -4.017929e-002 5.188645e-003 2.055584e-001 1.256634e-001 -1.356109e-002 4.678184e-001 6.070831e-002
<VARIANCE> 25
 1.038229e+001 4.410022e+001 3.377011e+001 8.200494e+001 3.570811e+001 5.685760e+001 9.160026e+001 7.387085e+001 8.374054e+001 1.375892e+002 5.008052e+001 4.130484e+001 5.763315e-001 1.713781e+000 2.428987e+000 3.409188e+000 2.562817e+000 3.860264e+000 4.642209e+000 4.664694e+000 3.436010e+000 5.168238e+000 4.435915e+000 2.880087e+000 9.078432e-001
<GCONST> 1.062185e+002
<STATE> 3
<MEAN> 25
 7.617433e+000 -3.707741e+000 -2.861670e+000 -3.326116e+000 -7.305656e+000 -8.387551e+000 -3.267065e+000 1.569185e+000 -2.516877e+000 -5.049511e+000 -1.188771e+000 3.040630e+000 -2.372362e-002 6.175778e-002 1.282618e-001 1.404450e-002 -6.119753e-002 2.466738e-002 -1.191392e-002 2.313341e-002 5.365158e-002 1.458551e-001 2.430934e-002 -1.426285e-001 -9.368574e-002
<VARIANCE> 25
 6.525966e+000 2.548708e+001 4.301884e+001 2.907202e+001 2.514278e+001 3.962521e+001 5.746163e+001 5.969490e+001 8.310081e+001 5.984307e+001 5.215184e+001 2.809119e+001 1.839524e-001 5.617683e-001 8.516595e-001 9.831264e-001 1.052035e+000 1.359880e+000 1.459388e+000 1.349166e+000 1.449845e+000 1.521201e+000 1.633812e+000 1.182635e+000 1.920416e-001
<GCONST> 8.742597e+001
<STATE> 4
<MEAN> 25
 5.713590e-001 4.338634e-001 1.551502e+000 -1.469686e+000 -1.227397e+000 -4.435104e-001 -2.214973e+000 5.712523e-001 2.345613e+000 8.695263e-001 -1.151410e+000 -1.003143e+000 -2.115190e-001 1.096070e-001 -4.010651e-002 1.288131e-002 2.599602e-001 2.951342e-001 1.824911e-001 1.351671e-002 5.405047e-002 1.068371e-001 3.367272e-003 -5.630727e-002 -2.631428e-001
<VARIANCE> 25
 2.948482e+001 1.516048e+001 2.988638e+001 5.530533e+001 2.593196e+001 4.241664e+001 8.664325e+001 3.387301e+001 3.187346e+001 3.599645e+001 2.342920e+001 1.963418e+001 1.864211e-001 4.220324e-001 5.802888e-001 7.969957e-001 8.782988e-001 1.230834e+000 1.231404e+000 1.503004e+000 1.350927e+000 1.330257e+000 1.246465e+000 9.958007e-001 2.305388e-001
<GCONST> 8.433857e+001
<TRANSP> 5
 0.000000e+000 1.000000e+000 0.000000e+000 0.000000e+000 0.000000e+000
 0.000000e+000 7.784519e-001 2.215481e-001 0.000000e+000 0.000000e+000
 0.000000e+000 0.000000e+000 8.362635e-001 1.637365e-001 0.000000e+000
 0.000000e+000 0.000000e+000 0.000000e+000 8.058349e-001 1.941651e-001
 0.000000e+000 0.000000e+000 0.000000e+000 0.000000e+000 0.000000e+000
<ENDHMM>
~h "m"
<BEGINHMM>
<NUMSTATES> 5
<STATE> 2
<MEAN> 25
 7.397758e+000 -2.036745e+000 -5.187649e-001 -3.259650e+000 -1.613568e+000 -1.353827e+000 -6.538934e-001 -4.326470e+000 -2.573543e+000 9.171435e-001 -2.860333e-001 -2.942637e+000 -1.140651e-001 1.390707e+000 9.149482e-001 1.762710e+000 -1.897886e-001 5.502695e-001 4.422094e-002 -1.339051e+000 -9.196614e-001 3.994619e-001 -6.076456e-001 -1.627072e-001 -1.375128e+000
<VARIANCE> 25
 1.473437e+001 3.388724e+001 5.159798e+001 6.280698e+001 4.123797e+001 4.601453e+001 4.606717e+001 1.350907e+002 7.505582e+001 4.815216e+001 3.450052e+001 2.591504e+001 7.643274e-001 1.352607e+000 2.514468e+000 3.420113e+000 4.028918e+000 3.646182e+000 3.275357e+000 4.522319e+000 4.238807e+000 2.840147e+000 3.242346e+000 2.449137e+000 1.142500e+000
<GCONST> 1.037775e+002
<STATE> 3
<MEAN> 25
 3.932110e+000 3.603524e+000 1.258341e+000 2.052744e+000 1.449081e+000 2.752784e+000 -1.981435e-001 -3.999582e+000 -3.319684e+000 -2.586337e+000 -3.943624e+000 -2.880296e+000 -3.030587e-001 3.006428e-001 2.408469e-001 4.199043e-001 3.568380e-001 3.893140e-001 2.075431e-001 2.003698e-002 6.853445e-002 -1.036671e-002 -2.850843e-002 -9.500057e-002 -4.309718e-001
<VARIANCE> 25
 1.416973e+001 1.151731e+001 1.975916e+001 2.191467e+001 2.626647e+001 2.474413e+001 2.860792e+001 6.821272e+001 5.176210e+001 3.612324e+001 2.618676e+001 2.253996e+001 1.706369e-001 3.758388e-001 5.480755e-001 7.487229e-001 9.225001e-001 1.038400e+000 1.084703e+000 1.446370e+000 1.171124e+000 1.119527e+000 1.168924e+000 1.142325e+000 1.540548e-001
<GCONST> 8.053940e+001
<STATE> 4
<MEAN> 25
 2.648077e+000 4.220717e+000 2.280583e+000 4.825836e+000 1.775496e+000 2.513913e+000 3.149888e+000 4.731470e-001 3.353138e+000 2.566328e+000 -1.586094e+000 -4.901528e+000 -1.602851e-001 -1.058685e-001 -1.411490e-001 -1.985852e-001 -3.989912e-002 -1.815127e-001 -1.199684e-001 3.734840e-001 3.104667e-001 2.954919e-002 4.449101e-002 -1.038907e-001 2.941405e-002
<VARIANCE> 25
 2.845838e+001 2.560250e+001 3.126431e+001 6.652313e+001 8.789214e+001 4.000192e+001 8.926067e+001 1.417758e+002 1.004808e+002 4.707590e+001 4.267192e+001 5.744994e+001 8.064393e-001 1.452005e+000 1.736627e+000 4.018487e+000 3.926648e+000 2.044860e+000 3.921539e+000 4.876050e+000 3.049113e+000 3.046527e+000 2.494024e+000 2.777618e+000 1.595713e+000
<GCONST> 1.058214e+002
<TRANSP> 5
 0.000000e+000 1.000000e+000 0.000000e+000 0.000000e+000 0.000000e+000
 0.000000e+000 7.310741e-001 2.689260e-001 0.000000e+000 0.000000e+000
 0.000000e+000 0.000000e+000 8.353500e-001 1.646500e-001 0.000000e+000
 0.000000e+000 0.000000e+000 0.000000e+000 6.644205e-001 3.355794e-001
 0.000000e+000 0.000000e+000 0.000000e+000 0.000000e+000 0.000000e+000
<ENDHMM>
~h "n"
<BEGINHMM>
<NUMSTATES> 5
<STATE> 2
<MEAN> 25
 6.944767e+000 -1.904676e+000 -8.623146e-001 -1.209736e+000 -2.603536e+000 -1.628550e+000 -1.477429e+000 -1.598426e+000 5.214055e-001 -2.139701e+000 -2.004238e+000 -5.301059e-001 -2.835922e-001 1.455354e+000 7.767894e-001 1.360614e+000 2.354399e-001 5.488505e-001 2.644309e-001 -1.081271e+000 -1.219889e-001 3.918771e-001 -8.505737e-001 -7.615398e-001 -1.374698e+000
<VARIANCE> 25
 1.336643e+001 3.748983e+001 4.029917e+001 3.696577e+001 4.641620e+001 3.120068e+001 5.537271e+001 5.529146e+001 4.080413e+001 2.623657e+001 4.941276e+001 3.208181e+001 5.720851e-001 2.031210e+000 2.413937e+000 2.238169e+000 3.608160e+000 2.570275e+000 3.558081e+000 4.131402e+000 2.410141e+000 2.677311e+000 2.556238e+000 3.032825e+000 1.074693e+000
<GCONST> 9.985599e+001
<STATE> 3
<MEAN> 25
 4.402544e+000 4.135926e+000 7.730908e-001 4.939612e+000 3.115849e+000 3.758526e+000 2.143687e+000 -2.439543e+000 -1.288179e+000 -3.444180e-001 -4.047051e+000 -3.425807e+000 -5.233384e-001 3.589894e-001 2.805791e-001 2.673607e-001 3.596261e-001 4.061989e-001 2.551632e-001 7.635916e-002 -9.805132e-002 1.032917e-001 -8.237107e-002 6.215843e-002 -6.078881e-001
<VARIANCE> 25
 1.218680e+001 2.220662e+001 1.713763e+001 2.797347e+001 8.458135e+001 6.263309e+001 6.506300e+001 4.171254e+001 2.447855e+001 3.773493e+001 3.209044e+001 3.152548e+001 2.409126e-001 7.789171e-001 9.042060e-001 1.224641e+000 1.729999e+000 1.531176e+000 1.818907e+000 1.836927e+000 1.728274e+000 1.556811e+000 1.746518e+000 1.956491e+000 2.849407e-001
<GCONST> 8.952144e+001
<STATE> 4
<MEAN> 25
 -2.166758e+000 2.644641e+000 6.970299e-001 1.898614e+000 1.375122e+000 3.011622e+000 2.027917e+000 -4.294505e-001 1.334421e+000 1.467623e+000 -9.467504e-001 -9.973468e-001 -1.897762e-001 -4.484248e-002 -4.040880e-002 6.624874e-002 3.616064e-002 2.431246e-003 4.192400e-002 -1.950952e-002 4.793902e-002 1.656745e-001 1.408697e-001 9.234767e-002 -1.461222e-001
<VARIANCE> 25
 1.456274e+001 1.031484e+001 1.494716e+001 1.989067e+001 1.807697e+001 1.997911e+001 2.687622e+001 2.784044e+001 2.499809e+001 2.149333e+001 2.137742e+001 1.781444e+001 2.176589e-001 3.915710e-001 4.751788e-001 5.149831e-001 6.667669e-001 9.784741e-001 1.176639e+000 1.253625e+000 1.370233e+000 1.183749e+000 1.060301e+000 9.351149e-001 1.458424e-001
<GCONST> 7.603113e+001
<TRANSP> 5
 0.000000e+000 1.000000e+000 0.000000e+000 0.000000e+000 0.000000e+000
 0.000000e+000 6.955504e-001 3.044496e-001 0.000000e+000 0.000000e+000
 0.000000e+000 0.000000e+000 8.134115e-001 1.865886e-001 0.000000e+000
 0.000000e+000 0.000000e+000 0.000000e+000 8.720436e-001 1.279563e-001
 0.000000e+000 0.000000e+000 0.000000e+000 0.000000e+000 0.000000e+000
<ENDHMM>
~h "o"
<BEGINHMM>
<NUMSTATES> 5
<STATE> 2
<MEAN> 25
 1.658163e+000 2.891312e-001 2.335355e+000 -3.152770e+000 -2.298509e+000 -1.972390e+000 -2.928125e+000 -1.132870e-001 1.141157e+000 -1.353640e+000 5.274664e-001 -5.299286e-001 1.772396e+000 -2.214430e-001 3.852951e-001 -1.073143e+000 -1.330303e+000 -1.224294e+000 -1.461923e+000 -2.075218e-001 5.721235e-001 -7.308131e-001 -2.559496e-001 -1.929677e-001 2.187270e+000
<VARIANCE> 25
 3.660499e+001 3.461651e+001 3.575330e+001 8.239359e+001 7.537202e+001 6.125061e+001 6.270358e+001 4.983178e+001 8.293758e+001 3.471771e+001 3.197785e+001 2.417523e+001 3.412573e+000 4.662658e+000 3.669367e+000 8.579672e+000 6.269469e+000 8.768708e+000 5.417621e+000 5.604774e+000 9.953584e+000 3.899349e+000 3.002809e+000 2.462142e+000 5.010643e+000
<GCONST> 1.130873e+002
<STATE> 3
<MEAN> 25
 7.474633e+000 2.165213e+000 1.758516e+000 -4.630554e+000 -1.234765e+001 -1.054249e+001 -4.618119e+000 4.821962e+000 5.400270e+000 -4.445281e+000 -2.466215e+000 -1.623419e-001 -4.577287e-002 2.619113e-002 -4.283683e-001 -6.969891e-002 3.809178e-001 3.010706e-001 2.650801e-001 3.118669e-002 -9.919129e-002 2.783589e-001 1.824687e-001 1.254898e-001 -2.038966e-001
<VARIANCE> 25
 5.344882e+000 2.800010e+001 2.598878e+001 3.328725e+001 4.000925e+001 4.422981e+001 3.262614e+001 4.169593e+001 1.188882e+002 4.104020e+001 2.009630e+001 1.882074e+001 3.506174e-001 1.304062e+000 8.984037e-001 9.811625e-001 2.068413e+000 2.056519e+000 1.555856e+000 2.645937e+000 2.962505e+000 1.634586e+000 1.389247e+000 1.179966e+000 8.103914e-001
<GCONST> 9.065592e+001
<STATE> 4
<MEAN> 25
 7.652143e+000 1.105979e+000 -2.388842e+000 -1.173275e+001 -1.115699e+000 3.739432e+000 -9.714986e+000 -6.143846e+000 -2.462731e+000 1.315283e+000 5.168583e+000 -1.789018e+000 -2.356598e-001 3.319352e-002 -1.059377e-001 4.230191e-001 3.290875e-001 1.049871e-002 3.772662e-001 -2.999236e-002 -8.727767e-002 1.869158e-001 1.143904e-001 6.025448e-003 -4.089519e-001
<VARIANCE> 25
 1.011739e+001 2.768663e+001 2.827850e+001 1.037129e+002 4.975697e+001 5.306020e+001 6.531460e+001 4.876452e+001 5.552084e+001 4.392232e+001 3.546732e+001 2.205394e+001 3.919202e-001 8.794285e-001 1.026342e+000 2.472504e+000 1.730767e+000 2.023928e+000 2.170023e+000 1.960707e+000 1.928382e+000 1.437495e+000 1.586913e+000 1.172823e+000 6.087667e-001
<GCONST> 9.368410e+001
<TRANSP> 5
 0.000000e+000 1.000000e+000 0.000000e+000 0.000000e+000 0.000000e+000
 0.000000e+000 7.746267e-001 2.253733e-001 0.000000e+000 0.000000e+000
 0.000000e+000 0.000000e+000 8.465984e-001 1.534016e-001 0.000000e+000
 0.000000e+000 0.000000e+000 0.000000e+000 8.444291e-001 1.555708e-001
 0.000000e+000 0.000000e+000 0.000000e+000 0.000000e+000 0.000000e+000
<ENDHMM>
~h "p"
<BEGINHMM>
<NUMSTATES> 5
<STATE> 2
<MEAN> 25
 -8.446375e-002 2.550719e+000 -9.978423e-001 -1.124642e+000 -3.194922e-002 1.355175e+000 6.910681e-001 1.507831e+000 8.423074e-001 2.844052e+000 2.071906e+000 -6.819035e-001 -9.643548e-001 -8.029255e-002 -3.366316e-001 2.253655e-001 -9.653781e-002 2.959945e-001 2.613357e-001 -1.247831e-001 -1.207568e-001 2.133772e-001 2.954104e-001 1.859158e-001 -1.101680e+000
<VARIANCE> 25
 2.088427e+001 3.914555e+001 4.123644e+001 3.583664e+001 3.856556e+001 4.861339e+001 3.380860e+001 3.525466e+001 4.198784e+001 4.763130e+001 3.851700e+001 2.630452e+001 8.322293e-001 3.791170e+000 2.430845e+000 2.453504e+000 1.897627e+000 3.326354e+000 2.800545e+000 2.413751e+000 3.949503e+000 4.444524e+000 2.835135e+000 1.659174e+000 1.758822e+000
<GCONST> 1.007594e+002
<STATE> 3
<MEAN> 25
 -2.966918e+000 3.083885e+000 -1.921947e+000 -5.825747e-001 -1.176558e-001 8.918635e-001 5.302575e-001 -1.435892e+000 -1.521065e+000 2.774441e+000 1.421417e+000 1.425229e+000 -4.305845e-001 -1.035036e-001 -7.743725e-002 2.287919e-001 1.355795e-001 -4.964259e-002 3.547411e-004 -2.449030e-001 -1.237099e-001 1.431657e-001 -6.609853e-002 4.200867e-003 -3.756355e-001
<VARIANCE> 25
 1.746909e+001 9.489369e+000 1.405196e+001 3.384122e+001 2.017088e+001 3.110482e+001 4.023023e+001 3.043281e+001 2.870550e+001 2.395233e+001 2.026930e+001 1.649268e+001 3.141861e-001 4.958722e-001 7.769899e-001 9.723807e-001 1.058211e+000 2.312008e+000 1.766205e+000 1.749011e+000 1.747200e+000 1.583189e+000 1.448569e+000 1.589964e+000 1.824732e-001
<GCONST> 8.315253e+001
<STATE> 4
<MEAN> 25
 -3.855720e+000 6.128975e-001 -4.214077e-002 2.183789e+000 1.359482e+000 3.332123e+000 3.638910e+000 1.455331e+000 3.855428e+000 2.984090e+000 1.338691e+000 3.562551e-001 -5.846404e-002 -4.570427e-003 7.377468e-003 1.277508e-002 4.754360e-002 5.173450e-002 -2.627746e-003 7.852297e-003 2.183763e-002 -4.791986e-003 1.549000e-002 2.170829e-002 -4.052910e-002
<VARIANCE> 25
 3.109895e+000 4.889972e+000 7.221732e+000 1.107825e+001 7.958008e+000 1.153342e+001 1.224914e+001 1.186813e+001 1.229671e+001 1.296191e+001 9.256444e+000 8.861034e+000 9.747091e-002 2.698016e-001 3.604050e-001 3.850615e-001 5.744134e-001 6.421491e-001 8.005606e-001 9.182890e-001 9.859450e-001 1.018365e+000 8.612009e-001 8.255379e-001 6.048517e-002
<GCONST> 6.196721e+001
<TRANSP> 5
 0.000000e+000 1.000000e+000 0.000000e+000 0.000000e+000 0.000000e+000
 0.000000e+000 6.184535e-001 3.815465e-001 0.000000e+000 0.000000e+000
 0.000000e+000 0.000000e+000 8.039042e-001 1.960958e-001 0.000000e+000
 0.000000e+000 0.000000e+000 0.000000e+000 9.300808e-001 6.991914e-002
 0.000000e+000 0.000000e+000 0.000000e+000 0.000000e+000 0.000000e+000
<ENDHMM>
~h "r"
<BEGINHMM>
<NUMSTATES> 5
<STATE> 2
<MEAN> 25
 6.104076e+000 -6.740489e+000 1.156837e+000 -5.377607e+000 -5.524663e+000 -1.137946e+000 -4.595955e+000 7.052720e-001 -9.111846e-001 -5.518612e-001 -2.857929e-001 -1.659704e+000 -6.235258e-002 1.466719e-001 8.883860e-002 5.286227e-001 7.035536e-002 1.234277e-001 1.254921e-001 -2.970125e-001 -9.495141e-002 -1.958870e-001 -6.591970e-002 1.581077e-001 -3.821352e-001
<VARIANCE> 25
 1.992583e+001 4.886551e+001 6.613136e+001 7.569051e+001 6.454907e+001 6.866063e+001 5.298065e+001 6.642251e+001 6.750752e+001 4.425313e+001 5.307343e+001 4.305194e+001 1.008378e+000 2.833150e+000 2.358965e+000 4.470877e+000 3.516325e+000 3.714096e+000 3.119156e+000 4.378203e+000 3.318537e+000 2.495414e+000 2.472784e+000 2.364739e+000 2.060125e+000
<GCONST> 1.068372e+002
<STATE> 3
<MEAN> 25
 3.972299e+000 8.323220e-001 -4.020667e+000 -2.138198e+000 9.498486e-001 2.731301e+000 -3.093170e-001 -1.965514e+000 -1.444912e+000 -1.725398e+000 -1.682201e-001 2.724545e+000 -8.205610e-001 6.626368e-001 1.358625e-002 6.394907e-001 4.059157e-001 1.685171e-001 5.770016e-001 2.117212e-001 2.104021e-001 4.643115e-001 2.635004e-002 9.561664e-002 -1.311804e+000
<VARIANCE> 25
 2.224715e+001 2.031404e+001 2.683669e+001 4.128131e+001 3.397627e+001 5.918377e+001 4.321605e+001 3.289645e+001 3.917746e+001 3.278225e+001 3.722226e+001 3.170597e+001 5.202748e-001 1.341920e+000 1.768505e+000 1.675895e+000 2.013618e+000 2.437354e+000 2.750231e+000 2.000588e+000 2.965185e+000 2.371443e+000 2.593940e+000 1.853555e+000 8.487216e-001
<GCONST> 9.554778e+001
<STATE> 4
<MEAN> 25
 -2.968855e+000 1.617041e+000 -2.135228e+000 2.706444e+000 1.603243e+000 2.473846e+000 4.161492e+000 1.835757e+000 3.594132e+000 2.927173e+000 1.958279e+000 1.186046e+000 -1.509265e-001 3.433695e-002 3.860203e-002 8.820467e-002 4.868952e-002 3.636681e-002 7.552230e-002 2.589159e-002 7.300664e-002 8.760299e-002 1.839837e-002 -2.095840e-002 -1.432966e-001
<VARIANCE> 25
 1.012756e+001 7.468244e+000 1.490759e+001 3.139494e+001 1.626504e+001 1.685354e+001 1.800043e+001 1.763027e+001 2.307103e+001 1.955850e+001 1.496490e+001 1.116676e+001 1.790304e-001 3.250816e-001 4.778022e-001 6.493381e-001 7.706599e-001 9.126588e-001 1.195516e+000 1.174438e+000 1.316890e+000 1.287630e+000 1.118316e+000 9.159739e-001 1.282367e-001
<GCONST> 7.349708e+001
<TRANSP> 5
 0.000000e+000 1.000000e+000 0.000000e+000 0.000000e+000 0.000000e+000
 0.000000e+000 8.112137e-001 1.887863e-001 0.000000e+000 0.000000e+000
 0.000000e+000 0.000000e+000 7.933853e-001 2.066147e-001 0.000000e+000
 0.000000e+000 0.000000e+000 0.000000e+000 9.032292e-001 9.677085e-002
 0.000000e+000 0.000000e+000 0.000000e+000 0.000000e+000 0.000000e+000
<ENDHMM>
~h "s"
<BEGINHMM>
<NUMSTATES> 5
<STATE> 2
<MEAN> 25
 -4.371653e+000 6.162067e-001 5.247471e-001 -4.237017e-001 1.658773e+000 -7.427000e-001 4.402640e+000 -1.100340e+000 4.819801e-001 1.522209e+000 1.249280e+000 4.634327e-001 -2.340341e+000 3.853906e-001 1.433547e+000 1.290203e-001 -4.008573e-001 6.022411e-001 1.509206e+000 -5.062150e-001 2.004772e-001 4.640044e-001 8.087695e-001 -8.053146e-002 3.509000e-001
<VARIANCE> 25
 6.283652e+001 1.020221e+002 7.527203e+001 6.742886e+001 6.538476e+001 4.713351e+001 8.079401e+001 4.565361e+001 7.438365e+001 5.158238e+001 3.704157e+001 2.695198e+001 4.213248e+000 1.015223e+001 1.140448e+001 5.290101e+000 6.135994e+000 3.723239e+000 5.931708e+000 4.100693e+000 4.108894e+000 4.121295e+000 3.743884e+000 2.145475e+000 2.792675e+000
<GCONST> 1.147654e+002
<STATE> 3
<MEAN> 25
 -1.149011e+001 -1.225513e+001 2.046080e+001 -5.810091e+000 -1.013234e+001 3.712199e+000 6.751197e+000 -3.636926e+000 -6.594001e+000 3.341269e-001 6.167610e+000 -4.830770e-002 -3.929704e-001 -2.023590e-002 -2.428734e-001 -1.470511e-001 5.012389e-001 1.349638e-001 -1.126105e-001 8.055751e-002 4.131909e-001 -1.607067e-002 -2.032560e-002 2.578972e-002 6.989490e-002
<VARIANCE> 25
 6.807778e+001 1.358743e+002 1.620303e+002 4.841307e+001 9.091631e+001 9.979961e+001 3.882125e+001 3.998264e+001 5.902528e+001 6.270926e+001 2.882162e+001 3.238622e+001 5.789949e+000 3.829602e+000 7.028055e+000 2.770272e+000 2.448745e+000 3.189914e+000 2.849016e+000 2.418318e+000 2.524720e+000 2.444143e+000 2.231246e+000 1.597604e+000 1.602649e+000
<GCONST> 1.091786e+002
<STATE> 4
<MEAN> 25
 -1.489171e+001 2.551807e+000 3.647153e+000 -2.877353e+000 4.823144e+000 3.942596e-001 6.943823e+000 6.919687e-001 1.566143e+000 3.916828e+000 2.708875e+000 8.842162e-001 2.932539e-002 -5.903984e-002 -7.173560e-002 2.661797e-002 9.641588e-002 5.557133e-002 -8.605201e-002 8.023614e-002 1.199749e-001 5.674024e-002 -8.872818e-002 2.347023e-002 -2.096093e-001
<VARIANCE> 25
 4.264074e+001 5.838287e+001 7.327621e+001 6.147180e+001 3.097643e+001 3.711246e+001 2.707690e+001 3.759950e+001 3.195726e+001 3.205517e+001 1.677445e+001 1.497503e+001 1.629810e+000 7.741784e-001 1.121473e+000 1.223962e+000 1.134350e+000 1.313155e+000 1.592621e+000 1.674148e+000 1.655163e+000 1.429500e+000 1.334094e+000 1.190184e+000 3.874916e-001
<GCONST> 9.091447e+001
<TRANSP> 5
 0.000000e+000 1.000000e+000 0.000000e+000 0.000000e+000 0.000000e+000
 0.000000e+000 7.166820e-001 2.833179e-001 0.000000e+000 0.000000e+000
 0.000000e+000 0.000000e+000 7.417248e-001 2.582752e-001 0.000000e+000
 0.000000e+000 0.000000e+000 0.000000e+000 8.824013e-001 1.175987e-001
 0.000000e+000 0.000000e+000 0.000000e+000 0.000000e+000 0.000000e+000
<ENDHMM>
~h "t"
<BEGINHMM>
<NUMSTATES> 5
<STATE> 2
<MEAN> 25
 3.276423e-002 1.439298e+000 -1.269179e+000 -5.403101e-001 1.240451e+000 -1.059831e+000 9.187656e-003 -3.545179e-001 2.860451e+000 6.742365e-001 -1.897192e+000 2.327060e-002 -3.138412e-001 3.656940e-001 -1.828406e-001 -1.369385e-001 2.554345e-001 1.401610e-001 -1.698242e-001 -3.994593e-001 1.624326e-001 4.052601e-001 3.173158e-001 -9.635114e-002 -2.567731e-001
<VARIANCE> 25
 2.592882e+001 2.119569e+001 2.309469e+001 6.222150e+001 3.642830e+001 3.340661e+001 6.154271e+001 4.483186e+001 5.672048e+001 4.199080e+001 4.083699e+001 3.456043e+001 2.794332e+000 2.212276e+000 2.149509e+000 6.517612e+000 3.313969e+000 3.160965e+000 7.571372e+000 3.576587e+000 5.824210e+000 3.121985e+000 3.422066e+000 3.220075e+000 1.001162e+001
<GCONST> 1.072941e+002
<STATE> 3
<MEAN> 25
 6.853523e-001 2.552481e+000 -1.142815e+000 -2.576497e+000 -6.736847e-001 6.013683e-001 -6.374061e-001 1.301517e+000 6.326981e-001 1.656660e+000 -2.295947e+000 -1.979415e+000 -6.444909e-001 2.260510e-001 -5.623114e-001 4.427174e-001 -2.744776e-002 5.245641e-001 5.703477e-001 -3.298546e-002 -2.391005e-001 2.771548e-001 2.636669e-001 1.550040e-001 -1.506516e+000
<VARIANCE> 25
 1.937373e+001 2.258041e+001 2.262141e+001 5.863453e+001 2.974129e+001 5.447225e+001 5.825184e+001 4.729996e+001 5.762938e+001 3.687576e+001 3.830911e+001 3.537042e+001 1.317412e+000 1.284943e+000 1.503753e+000 3.022038e+000 1.980435e+000 2.981941e+000 4.072003e+000 3.361017e+000 4.811118e+000 3.311278e+000 3.023005e+000 2.379607e+000 2.370898e+000
<GCONST> 1.014401e+002
<STATE> 4
<MEAN> 25
 -3.652666e+000 3.011184e+000 -2.721092e+000 5.116583e+000 7.643965e-001 2.494951e+000 2.665865e+000 5.333146e-001 6.882966e-001 1.403938e+000 7.596932e-001 2.030726e+000 -1.496569e-001 -4.210430e-002 -1.807048e-003 7.687400e-002 1.885734e-002 2.140366e-002 9.882494e-002 -2.817733e-002 -7.155532e-002 3.566068e-002 1.061090e-001 8.262091e-002 -1.281135e-001
<VARIANCE> 25
 8.074299e+000 8.912848e+000 1.263854e+001 4.925541e+001 1.648788e+001 2.133003e+001 2.956445e+001 2.478324e+001 2.873996e+001 2.424663e+001 1.821189e+001 1.560104e+001 3.078394e-001 4.844494e-001 7.127078e-001 1.057372e+000 1.171270e+000 1.676778e+000 1.835503e+000 1.883870e+000 1.878166e+000 1.949971e+000 1.461615e+000 1.449803e+000 3.396141e-001
<GCONST> 8.201126e+001
<TRANSP> 5
 0.000000e+000 1.000000e+000 0.000000e+000 0.000000e+000 0.000000e+000
 0.000000e+000 3.235531e-001 6.764468e-001 0.000000e+000 0.000000e+000
 0.000000e+000 0.000000e+000 5.356894e-001 4.643106e-001 0.000000e+000
 0.000000e+000 0.000000e+000 0.000000e+000 9.023951e-001 9.760485e-002
 0.000000e+000 0.000000e+000 0.000000e+000 0.000000e+000 0.000000e+000
<ENDHMM>
~h "u"
<BEGINHMM>
<NUMSTATES> 5
<STATE> 2
<MEAN> 25
 9.291216e-001 1.154914e+000 3.510176e+000 -8.417780e-001 -8.021950e-001 -6.414428e-001 -2.612931e+000 -1.848959e+000 -1.864523e+000 -1.775483e+000 6.113603e-002 -1.170536e+000 1.164704e+000 4.978351e-001 8.486471e-001 -6.755564e-001 -6.875969e-001 -3.942177e-001 -1.441536e+000 -4.078444e-001 -8.267886e-001 -9.560052e-001 3.603341e-002 -3.437236e-001 1.506691e+000
<VARIANCE> 25
 5.098157e+001 5.101493e+001 4.198350e+001 7.848291e+001 5.632169e+001 5.581450e+001 7.985756e+001 5.890422e+001 6.573820e+001 8.130270e+001 4.410915e+001 3.280401e+001 3.612011e+000 6.769243e+000 4.050091e+000 7.925870e+000 4.442499e+000 7.793635e+000 7.267594e+000 6.250012e+000 7.384662e+000 6.723161e+000 4.531886e+000 3.750094e+000 4.689355e+000
<GCONST> 1.165902e+002
<STATE> 3
<MEAN> 25
 8.108857e+000 6.567157e+000 3.218567e+000 -7.984231e+000 -6.487990e+000 1.919411e+000 -1.014858e+001 -1.456321e+000 -7.293971e+000 -2.830633e+000 3.560311e+000 -3.427509e-001 1.007733e-001 4.255666e-001 -1.116242e-001 -1.750752e-001 -1.489867e-001 2.528462e-001 7.477763e-002 5.788841e-002 -1.963921e-001 -1.487791e-001 3.140767e-002 2.491387e-001 -3.260117e-001
<VARIANCE> 25
 1.000106e+001 3.174559e+001 5.380167e+001 9.412077e+001 3.572992e+001 7.763995e+001 4.466530e+001 6.918249e+001 1.364065e+002 9.648547e+001 5.350668e+001 3.121159e+001 3.340715e-001 1.072636e+000 1.107037e+000 1.996005e+000 2.250759e+000 2.774571e+000 2.240387e+000 2.302583e+000 2.416073e+000 2.543759e+000 2.025941e+000 1.513409e+000 3.834965e-001
<GCONST> 9.832365e+001
<STATE> 4
<MEAN> 25
 5.679200e+000 7.299769e+000 3.276423e+000 -4.086838e+000 -4.889637e+000 -1.713056e+000 -7.193087e+000 -4.874228e+000 -4.915493e+000 -5.810135e+000 -7.059801e-001 -1.032902e+000 -2.337682e-001 -1.899162e-001 -1.789697e-001 4.851338e-001 2.689242e-001 3.361791e-002 3.204562e-001 -8.788227e-002 2.009846e-001 2.814290e-001 -1.425467e-001 -9.301168e-002 -2.672512e-001
<VARIANCE> 25
 1.064636e+001 1.633819e+001 2.757815e+001 5.753016e+001 3.179280e+001 4.156633e+001 3.645959e+001 3.237532e+001 3.509748e+001 3.532027e+001 4.323259e+001 2.199916e+001 2.898198e-001 5.421194e-001 6.400235e-001 1.559894e+000 1.345516e+000 1.574381e+000 1.520997e+000 1.535942e+000 1.574640e+000 1.756258e+000 1.628925e+000 1.280721e+000 3.690000e-001
<GCONST> 8.721765e+001
<TRANSP> 5
 0.000000e+000 1.000000e+000 0.000000e+000 0.000000e+000 0.000000e+000
 0.000000e+000 7.833804e-001 2.166196e-001 0.000000e+000 0.000000e+000
 0.000000e+000 0.000000e+000 8.239006e-001 1.760994e-001 0.000000e+000
 0.000000e+000 0.000000e+000 0.000000e+000 8.568354e-001 1.431646e-001
 0.000000e+000 0.000000e+000 0.000000e+000 0.000000e+000 0.000000e+000
<ENDHMM>
~h "w"
<BEGINHMM>
<NUMSTATES> 5
<STATE> 2
<MEAN> 25
 7.118725e+000 3.057962e+000 -4.153500e-001 -5.663613e+000 -9.882685e+000 -6.654666e+000 -1.873118e+000 4.702730e+000 6.830670e+000 -5.090723e+000 -4.304593e+000 9.825536e-001 7.264425e-002 1.338496e-002 -3.569610e-001 1.246209e-001 -9.608279e-002 -3.344833e-001 3.082762e-001 7.868304e-001 2.210619e-001 -5.523546e-002 5.598513e-003 1.352074e-001 -9.976647e-002
<VARIANCE> 25
 6.183535e+000 7.425304e+001 2.827915e+001 2.697084e+001 2.662704e+001 6.328061e+001 3.085207e+001 3.084618e+001 8.193056e+001 1.544040e+001 1.761512e+001 1.920696e+001 3.179352e-001 4.114728e+000 2.868696e+000 9.805228e-001 2.514714e+000 3.213162e+000 2.494621e+000 3.842211e+000 3.808110e+000 1.902006e+000 1.360236e+000 1.694512e+000 9.094114e-001
<GCONST> 9.434038e+001
<STATE> 3
<MEAN> 25
 3.027836e+000 -1.248004e-002 -2.925861e+000 -3.904391e+000 -4.906188e+000 1.925556e+000 7.767731e+000 9.263921e+000 4.175016e+000 -1.532480e+000 1.501102e+000 3.114243e+000 -8.633627e-001 2.862392e-001 -1.276226e-001 7.127992e-002 5.939505e-001 4.492320e-001 -4.129080e-002 -6.717720e-001 -5.773724e-001 8.215907e-001 4.530530e-001 1.654507e-001 -8.807510e-001
<VARIANCE> 25
 2.984876e+001 4.346305e+001 4.278380e+001 2.194059e+001 4.210269e+001 7.709085e+001 2.785044e+001 3.708892e+001 4.791037e+001 3.868652e+001 5.732007e+001 2.134410e+001 4.413673e-001 1.439623e+000 1.241947e+000 1.151483e+000 1.491305e+000 4.194383e+000 2.494992e+000 3.165982e+000 3.349692e+000 2.017426e+000 2.630659e+000 1.569972e+000 4.357651e-001
<GCONST> 9.592171e+001
<STATE> 4
<MEAN> 25
 -6.384141e+000 1.200967e+000 -1.495308e+000 2.698685e+000 2.616625e+000 -7.373599e-001 4.082200e+000 -6.524820e-001 1.962702e-001 4.676547e+000 2.282945e+000 1.274019e+000 -8.823624e-002 -7.509534e-002 1.937925e-002 5.890602e-002 9.136268e-002 -1.006858e-002 -7.045072e-003 -3.087332e-002 -1.937913e-002 4.971811e-002 3.239766e-002 1.214633e-002 -2.623610e-002
<VARIANCE> 25
 1.105448e+001 1.842097e+001 2.159217e+001 2.703470e+001 1.555558e+001 3.337569e+001 3.391899e+001 1.475396e+001 3.515910e+001 1.431613e+001 2.102730e+001 9.034932e+000 7.924432e-002 3.639282e-001 4.122019e-001 4.259056e-001 5.842101e-001 1.158884e+000 1.174781e+000 1.221920e+000 1.390228e+000 1.050217e+000 1.067951e+000 9.396881e-001 6.605430e-002
<GCONST> 7.391902e+001
<TRANSP> 5
 0.000000e+000 1.000000e+000 0.000000e+000 0.000000e+000 0.000000e+000
 0.000000e+000 8.585063e-001 1.414937e-001 0.000000e+000 0.000000e+000
 0.000000e+000 0.000000e+000 8.342562e-001 1.657438e-001 0.000000e+000
 0.000000e+000 0.000000e+000 0.000000e+000 9.374676e-001 6.253237e-002
 0.000000e+000 0.000000e+000 0.000000e+000 0.000000e+000 0.000000e+000
<ENDHMM>
~h "y"
<BEGINHMM>
<NUMSTATES> 5
<STATE> 2
<MEAN> 25
 5.190782e+000 -6.227098e+000 1.437050e-001 3.790441e+000 2.234861e+000 -8.304440e+000 -9.128280e+000 -4.673705e+000 -3.414644e+000 -1.182067e+000 4.094408e+000 3.139649e-001 -4.102696e-001 4.984278e-001 1.520411e+000 1.457969e+000 2.888905e-001 -6.305196e-001 -1.001663e+000 8.780438e-002 -1.633122e-002 -7.103636e-001 -4.759053e-001 -1.095852e+000 -3.755735e-001
<VARIANCE> 25
 6.234502e+000 2.146463e+001 3.259188e+001 7.445198e+001 4.061850e+001 2.914382e+001 4.937523e+001 4.820100e+001 2.482859e+001 3.787487e+001 3.998269e+001 3.115834e+001 2.171720e-001 5.628872e-001 6.982815e-001 1.435735e+000 2.255985e+000 1.805022e+000 2.793635e+000 1.770264e+000 2.078555e+000 2.821239e+000 3.446143e+000 1.985697e+000 2.565673e-001
<GCONST> 9.069790e+001
<STATE> 3
<MEAN> 25
 3.415466e+000 -3.846032e+000 6.134295e+000 9.175464e+000 2.714833e+000 -1.000378e+001 -1.128506e+001 -5.212036e+000 -4.274769e+000 -4.272398e+000 -2.528801e-001 -3.452282e+000 2.587045e-001 -2.044482e-001 -7.503299e-001 -8.864644e-001 -5.014759e-001 -9.696838e-002 1.439081e-001 -3.062815e-001 -3.266605e-001 7.601134e-001 8.890049e-001 7.331955e-001 2.761411e-001
<VARIANCE> 25
 5.640162e+000 3.293756e+001 3.580161e+001 7.243377e+001 5.119301e+001 3.253633e+001 4.128688e+001 5.346212e+001 1.876168e+001 3.051611e+001 5.257693e+001 2.562482e+001 4.577592e-001 9.079705e-001 3.149563e+000 2.675545e+000 2.159485e+000 2.837988e+000 4.432837e+000 2.491546e+000 1.550342e+000 3.086017e+000 3.079093e+000 2.054268e+000 6.322076e-001
<GCONST> 9.612525e+001
<STATE> 4
<MEAN> 25
 1.030715e+000 -1.082078e+000 1.538192e+001 -9.589677e+000 -1.128024e+001 -6.371619e+000 -5.192481e+000 -2.335697e-001 -7.149352e+000 1.144087e+000 1.939228e+000 7.245788e-001 3.838207e-002 -6.084320e-002 -9.863650e-002 -1.256301e-001 -2.934855e-001 7.395757e-002 1.638492e-001 1.639013e-001 1.905535e-002 6.241154e-002 -3.450739e-002 -2.983626e-002 2.643148e-002
<VARIANCE> 25
 9.994876e+000 4.167091e+001 5.769349e+001 2.625022e+001 4.285689e+001 2.920380e+001 4.390331e+001 7.803548e+001 2.733347e+001 2.546564e+001 4.529758e+001 1.953258e+001 5.055540e-001 2.998685e+000 3.325360e+000 1.402983e+000 4.409324e+000 2.043136e+000 3.548657e+000 5.178109e+000 2.453527e+000 2.520344e+000 3.238423e+000 1.609329e+000 1.059969e+000
<GCONST> 9.850025e+001
<TRANSP> 5
 0.000000e+000 1.000000e+000 0.000000e+000 0.000000e+000 0.000000e+000
 0.000000e+000 7.990612e-001 2.009388e-001 0.000000e+000 0.000000e+000
 0.000000e+000 0.000000e+000 8.421590e-001 1.578411e-001 0.000000e+000
 0.000000e+000 0.000000e+000 0.000000e+000 9.009185e-001 9.908151e-002
 0.000000e+000 0.000000e+000 0.000000e+000 0.000000e+000 0.000000e+000
<ENDHMM>
~h "z"
<BEGINHMM>
<NUMSTATES> 5
<STATE> 2
<MEAN> 25
 -5.769206e+000 -1.498711e+000 1.962860e+000 5.525261e+000 -7.614396e-001 -9.391352e-001 8.656066e+000 1.313878e+000 -1.588214e+000 4.697848e+000 -7.068304e-001 1.337691e+000 -5.198484e-002 1.610946e-001 1.037487e-001 2.990575e-001 1.550940e-002 -6.873677e-002 6.577116e-002 -2.145184e-002 -1.043672e-001 -1.267565e-001 7.886404e-002 -1.336397e-001 -1.550573e-001
<VARIANCE> 25
 3.413663e+000 8.977580e+000 3.306882e+001 3.063016e+001 1.132642e+001 1.297004e+001 4.004654e+001 1.939217e+001 2.794645e+001 3.890622e+001 2.811094e+001 1.490222e+001 1.544517e-001 3.823569e-001 8.525681e-001 8.828223e-001 1.110945e+000 1.194567e+000 1.633390e+000 2.239376e+000 2.328012e+000 2.979293e+000 2.296564e+000 1.102909e+000 8.793493e-002
<GCONST> 7.986517e+001
<STATE> 3
<MEAN> 25
 -3.914562e+000 5.029285e+000 3.549100e+000 5.114660e+000 5.486638e+000 2.655925e+000 -6.646163e-001 -5.376469e+000 -2.010590e+000 3.030185e-001 -1.850915e+000 -5.734130e-001 1.398812e-001 8.248499e-002 4.323821e-001 -1.567479e-001 5.221397e-001 -7.011389e-001 -1.916396e-001 -4.896296e-002 -1.092292e+000 6.453336e-001 1.536774e-002 6.343009e-002 2.199420e-001
<VARIANCE> 25
 2.796263e+000 5.501874e+000 3.401292e+001 2.546887e+001 1.623623e+001 2.784539e+001 2.001716e+001 3.352472e+001 2.614909e+001 2.597053e+001 8.754567e+000 2.316969e+001 4.101409e-001 6.010436e-001 5.905737e-001 1.256486e+000 5.935293e-001 9.134569e-001 2.599372e+000 4.648255e+000 1.604387e+000 1.209619e+000 1.009727e+000 1.917752e+000 1.177567e-001
<GCONST> 7.926611e+001
<STATE> 4
<MEAN> 25
 6.354965e+000 4.605306e+000 3.338230e+000 -6.304554e+000 -6.390875e+000 -1.006116e+000 -5.369804e+000 -2.842418e+000 -1.117860e+001 -4.067748e+000 4.258258e+000 -3.968921e+000 6.519271e-002 -2.216968e-002 4.519824e-002 6.233954e-002 -8.334804e-002 -1.729422e-001 -8.359936e-003 -1.222036e-001 -1.305333e-001 -3.443086e-001 1.004437e-001 1.871964e-002 1.496746e-001
<VARIANCE> 25
 1.752044e+001 3.351789e+001 7.806276e+000 5.504627e+001 4.606207e+001 1.630657e+001 8.653643e+001 2.569834e+001 1.076246e+002 4.985670e+001 1.752065e+001 3.089072e+001 6.410969e-001 7.613479e-001 5.141329e-001 1.799999e+000 9.945071e-001 1.921355e+000 4.340904e+000 1.031848e+000 2.074125e+000 1.788164e+000 1.435587e+000 1.223105e+000 1.482092e+000
<GCONST> 9.121504e+001
<TRANSP> 5
 0.000000e+000 1.000000e+000 0.000000e+000 0.000000e+000 0.000000e+000
 0.000000e+000 9.677073e-001 3.229266e-002 0.000000e+000 0.000000e+000
 0.000000e+000 0.000000e+000 8.621114e-001 1.378886e-001 0.000000e+000
 0.000000e+000 0.000000e+000 0.000000e+000 9.574277e-001 4.257234e-002
 0.000000e+000 0.000000e+000 0.000000e+000 0.000000e+000 0.000000e+000
<ENDHMM>
~h "ai"
<BEGINHMM>
<NUMSTATES> 5
<STATE> 2
<MEAN> 25
 7.034772e+000 -5.005674e+000 3.819003e-001 -4.902770e+000 -2.142957e+000 9.328988e-001 -3.126473e+000 -5.837534e-001 2.333506e+000 -1.785002e+000 -2.484601e+000 4.839354e-001 8.154111e-002 -1.564215e+000 -1.080306e+000 -1.278962e+000 8.886942e-001 -6.044102e-001 4.928702e-001 1.336029e+000 5.399203e-001 -4.201033e-001 7.549635e-001 1.555603e-001 1.396047e+000
<VARIANCE> 25
 1.715806e+001 5.849665e+001 4.537352e+001 7.387832e+001 7.733051e+001 5.460693e+001 8.623437e+001 8.137866e+001 1.212399e+002 7.776963e+001 4.422575e+001 3.232681e+001 1.549276e+000 2.833236e+000 4.157087e+000 5.250897e+000 7.151278e+000 4.330751e+000 4.921985e+000 7.531465e+000 3.977049e+000 4.868770e+000 4.212136e+000 3.240585e+000 1.286400e+000
<GCONST> 1.120341e+002
<STATE> 3
<MEAN> 25
 5.847709e+000 -1.032985e+001 -2.729551e-001 -2.818103e+000 3.201544e+000 -5.812934e+000 -1.103275e+000 3.127556e+000 -4.429163e-001 -3.318576e+000 1.499654e+000 -1.601713e+000 -2.737615e-001 2.209538e-001 8.757648e-001 7.226239e-001 -1.808882e-001 -3.881541e-001 -2.659592e-001 3.428306e-002 -3.779085e-001 2.290884e-001 1.399105e-001 -3.106688e-001 -3.439910e-001
<VARIANCE> 25
 8.286510e+000 1.899237e+001 8.912320e+001 1.624914e+002 7.220354e+001 3.665715e+001 5.153197e+001 3.756515e+001 4.417482e+001 2.781973e+001 6.334433e+001 3.059137e+001 3.235214e-001 7.299019e-001 1.430562e+000 1.391037e+000 2.675961e+000 1.768305e+000 2.267097e+000 1.686910e+000 2.513691e+000 1.909552e+000 1.958741e+000 1.377967e+000 2.446735e-001
<GCONST> 9.401303e+001
<STATE> 4
<MEAN> 25
 -5.755611e-001 1.218467e-001 8.815756e+000 2.756581e+000 -2.420764e+000 -2.563716e+000 -1.914417e+000 5.194691e-001 -4.084635e+000 1.188210e+000 1.422902e+000 -2.136178e+000 -4.049822e-001 7.830287e-001 -7.055083e-001 2.855051e-001 8.356203e-002 7.960504e-001 2.752652e-001 -4.475699e-001 3.461797e-001 2.437010e-001 -2.888643e-001 2.467703e-001 -1.318869e+000
<VARIANCE> 25
 1.072151e+001 2.046965e+001 7.510487e+001 1.259870e+002 1.298220e+002 4.094634e+001 5.675652e+001 3.613536e+001 4.498417e+001 4.236410e+001 3.653968e+001 2.043893e+001 2.623354e-001 1.085189e+000 2.591954e+000 3.424325e+000 2.103857e+000 1.844679e+000 2.233296e+000 2.115317e+000 2.104789e+000 2.397378e+000 1.909955e+000 1.723614e+000 9.191658e-001
<GCONST> 9.742761e+001
<TRANSP> 5
 0.000000e+000 1.000000e+000 0.000000e+000 0.000000e+000 0.000000e+000
 0.000000e+000 8.127255e-001 1.872745e-001 0.000000e+000 0.000000e+000
 0.000000e+000 0.000000e+000 9.243602e-001 7.563986e-002 0.000000e+000
 0.000000e+000 0.000000e+000 0.000000e+000 8.968961e-001 1.031040e-001
 0.000000e+000 0.000000e+000 0.000000e+000 0.000000e+000 0.000000e+000
<ENDHMM>
~h "au"
<BEGINHMM>
<NUMSTATES> 5
<STATE> 2
<MEAN> 25
 6.528795e+000 -3.400442e+000 -8.339046e+000 -5.495758e+000 -6.212425e+000 -4.925684e+000 3.840905e+000 7.891982e+000 -1.875618e+000 -8.335822e+000 -1.330702e+000 4.190833e+000 1.496758e-001 -3.475382e-001 -3.894720e-001 -3.403980e-002 -3.695995e-001 -4.235282e-001 4.612838e-001 1.010615e+000 1.718411e-001 -4.719121e-001 -8.317922e-002 1.141418e-001 1.403036e-001
<VARIANCE> 25
 3.141550e+000 1.181212e+001 1.839618e+001 1.454068e+001 2.153116e+001 3.114613e+001 2.442548e+001 3.244012e+001 1.413917e+001 2.415558e+001 1.472240e+001 4.295836e+000 1.170461e-001 9.171100e-001 1.078272e+000 5.410113e-001 5.257857e-001 6.596836e-001 1.684472e+000 1.477433e+000 7.549611e-001 9.082589e-001 1.414171e+000 6.941662e-001 1.616984e-001
<GCONST> 7.317795e+001
<STATE> 3
<MEAN> 25
 4.917785e+000 5.292649e-001 -2.470186e+000 -5.589296e+000 -1.108802e+001 -9.472854e+000 2.532765e+000 1.035369e+001 1.550387e+000 -6.264549e+000 -2.486027e+000 1.217635e-001 -4.444951e-001 9.857534e-001 1.054983e+000 -2.872774e-002 1.095750e-001 4.087372e-001 -9.031801e-001 -1.405483e+000 7.556470e-002 8.945825e-001 7.690600e-002 -5.303954e-001 -5.275661e-001
<VARIANCE> 25
 6.811752e+000 1.711423e+001 2.614706e+001 1.480410e+001 1.356360e+001 2.683974e+001 3.084150e+001 5.129747e+001 1.240533e+001 2.939373e+001 1.383186e+001 1.406667e+001 1.563519e-001 2.957424e-001 4.149300e-001 7.462521e-001 1.794902e+000 1.687715e+000 1.073568e+000 1.884898e+000 1.114182e+000 1.443967e+000 1.801425e+000 1.134130e+000 4.214792e-002
<GCONST> 7.668792e+001
<STATE> 4
<MEAN> 25
 8.802082e+000 9.365639e+000 -7.254237e-001 -5.983128e+000 -6.524408e+000 -3.197750e+000 -4.877758e+000 7.808249e+000 1.986224e+000 -6.945237e+000 1.508797e+000 6.426829e+000 -5.858513e-001 6.819444e-001 5.852115e-002 8.895063e-001 4.036403e-001 -3.036535e-002 6.055956e-001 -3.230188e-001 -1.275740e-002 6.508014e-001 8.882959e-002 -1.683218e-001 -1.235229e+000
<VARIANCE> 25
 3.822467e+001 3.707019e+001 9.933624e+001 5.011637e+001 1.627645e+001 4.444015e+001 4.659980e+001 4.201412e+001 9.082780e+001 8.305266e+001 4.239304e+001 3.465673e+001 7.911476e-001 1.588602e+000 1.079935e+000 1.546042e+000 1.300467e+000 2.213686e+000 2.129141e+000 1.810515e+000 2.370713e+000 4.761074e+000 9.391746e-001 8.388978e-001 3.706751e-001
<GCONST> 9.644117e+001
<TRANSP> 5
 0.000000e+000 1.000000e+000 0.000000e+000 0.000000e+000 0.000000e+000
 0.000000e+000 8.957609e-001 1.042391e-001 0.000000e+000 0.000000e+000
 0.000000e+000 0.000000e+000 8.569508e-001 1.430492e-001 0.000000e+000
 0.000000e+000 0.000000e+000 0.000000e+000 8.373540e-001 1.626460e-001
 0.000000e+000 0.000000e+000 0.000000e+000 0.000000e+000 0.000000e+000
<ENDHMM>
~h "ng"
<BEGINHMM>
<NUMSTATES> 5
<STATE> 2
<MEAN> 25
 6.435298e+000 -4.999769e+000 -9.126135e-001 -4.593841e+000 1.607272e+000 1.106783e+000 2.046203e+000 1.038682e+000 3.083461e+000 -2.752689e+000 -3.130016e-002 -1.786185e+000 -8.841073e-002 1.134297e+000 1.254005e-001 1.042532e+000 6.270344e-002 5.149399e-001 -1.052450e-001 -3.659462e-001 -6.307155e-001 4.297287e-001 -4.329651e-002 -7.837304e-002 -1.074116e+000
<VARIANCE> 25
 1.444320e+001 4.754359e+001 2.596975e+001 1.051199e+002 6.516837e+001 2.154083e+001 4.158564e+001 5.572306e+001 5.290736e+001 2.813155e+001 2.200588e+001 1.747184e+001 4.270831e-001 9.916492e-001 1.295026e+000 1.391195e+000 4.601155e+000 1.694384e+000 2.024359e+000 1.720803e+000 2.814772e+000 1.744851e+000 2.266235e+000 1.838291e+000 5.098142e-001
<GCONST> 9.401924e+001
<STATE> 3
<MEAN> 25
 3.322018e+000 5.363670e+000 7.334139e-001 3.808693e+000 3.383641e+000 3.676362e+000 3.868860e+000 2.141933e+000 8.806917e-001 -5.565521e-001 -1.714248e+000 -3.042731e+000 -6.628603e-001 7.604102e-001 7.260207e-001 4.203616e-001 4.788454e-001 2.894249e-001 2.832784e-002 -1.524565e-001 6.894137e-002 4.516344e-001 -7.502946e-003 1.014307e-001 -7.841839e-001
<VARIANCE> 25
 1.204356e+001 2.259857e+001 1.864199e+001 4.354376e+001 4.970726e+001 2.330374e+001 4.190803e+001 4.995311e+001 2.241349e+001 4.252763e+001 3.146931e+001 3.470529e+001 2.689039e-001 6.983705e-001 9.118150e-001 9.911330e-001 1.239877e+000 1.692996e+000 1.901856e+000 1.936463e+000 1.391934e+000 1.865704e+000 1.235870e+000 1.956081e+000 2.195820e-001
<GCONST> 8.740217e+001
<STATE> 4
<MEAN> 25
 -2.306400e+000 4.442296e+000 3.902593e-001 3.674551e+000 4.019685e+000 3.636775e+000 3.664938e+000 1.303842e+000 1.684073e+000 3.480937e+000 4.527130e-002 7.444597e-003 -3.059531e-001 -2.806917e-001 -2.760768e-001 -2.607763e-001 -2.192473e-001 -1.842245e-001 -6.879868e-002 -1.143157e-001 -7.740089e-002 1.333378e-001 1.258281e-001 2.019894e-001 -1.902606e-001
<VARIANCE> 25
 1.522650e+001 2.222646e+001 2.141952e+001 3.388247e+001 3.026177e+001 1.906569e+001 2.462767e+001 2.525408e+001 3.024335e+001 2.946983e+001 1.780417e+001 1.634130e+001 2.147477e-001 4.049754e-001 5.451317e-001 7.933654e-001 9.634685e-001 1.132755e+000 1.510911e+000 1.421129e+000 1.449304e+000 1.343320e+000 1.192649e+000 9.440675e-001 1.352109e-001
<GCONST> 7.996996e+001
<TRANSP> 5
 0.000000e+000 1.000000e+000 0.000000e+000 0.000000e+000 0.000000e+000
 0.000000e+000 7.209414e-001 2.790586e-001 0.000000e+000 0.000000e+000
 0.000000e+000 0.000000e+000 7.859818e-001 2.140182e-001 0.000000e+000
 0.000000e+000 0.000000e+000 0.000000e+000 8.701127e-001 1.298873e-001
 0.000000e+000 0.000000e+000 0.000000e+000 0.000000e+000 0.000000e+000
<ENDHMM>
~h "ny"
<BEGINHMM>
<NUMSTATES> 5
<STATE> 2
<MEAN> 25
 -1.893420e+000 -7.495213e-001 1.336640e+000 2.383359e+000 -1.344702e+000 -3.870779e-001 2.948609e+000 -1.812406e+000 6.894863e-001 3.201316e+000 2.047829e+000 -2.296802e+000 -1.512402e-001 2.234188e-001 9.891936e-002 4.870714e-001 -9.849322e-001 -2.040509e-001 9.689308e-001 -9.641496e-001 1.296608e-001 8.869658e-001 1.034223e+000 9.923683e-002 -3.700690e-001
<VARIANCE> 25
 6.293929e+001 2.269313e+001 2.889540e+001 1.402830e+001 6.216416e+001 2.661979e+001 4.522767e+001 1.492430e+001 6.000205e+001 2.753953e+001 1.765223e+001 2.782961e+001 1.767618e+000 1.583560e+000 1.247863e+000 1.065176e+000 1.535516e+000 2.043607e+000 3.707123e+000 6.934095e-001 1.684315e+000 2.443200e+000 3.545675e+000 2.479062e+000 1.532465e+000
<GCONST> 9.416576e+001
<STATE> 3
<MEAN> 25
 3.341064e+000 1.137111e-001 -1.169957e+000 -1.363893e+000 -2.725236e+000 -2.685020e+000 3.170785e+000 -2.281350e+000 -4.360749e+000 -2.368165e-001 1.437321e+000 -2.349538e+000 -1.254779e-001 1.945365e-001 -1.592960e-002 1.578847e-001 -2.136384e-001 1.616340e-001 5.428164e-001 2.922689e-001 2.205135e-001 -2.707454e-001 -1.446315e-001 -9.880232e-002 -5.674923e-001
<VARIANCE> 25
 1.858718e+001 1.414260e+001 1.868745e+001 2.840026e+001 2.472451e+001 1.259669e+001 2.903754e+001 3.617926e+001 2.028780e+001 1.108936e+001 1.468923e+001 1.921178e+001 1.815856e-001 3.636946e-001 6.134027e-001 1.022528e+000 1.136857e+000 8.266103e-001 1.460119e+000 1.012266e+000 1.021010e+000 1.474690e+000 1.378158e+000 8.609580e-001 2.202781e-001
<GCONST> 7.776183e+001
<STATE> 4
<MEAN> 25
 -3.905348e+000 2.004202e+000 -2.083351e+000 4.042928e+000 1.909581e+000 1.722620e+000 4.953145e+000 2.148628e+000 3.978040e+000 1.444233e+000 1.646085e+000 1.122902e+000 -8.879384e-003 -2.126663e-003 2.630728e-002 1.275351e-001 1.404505e-001 1.528650e-001 9.247574e-004 6.288340e-002 -6.100170e-002 2.555508e-003 1.772274e-002 -2.928933e-002 -6.875863e-002
<VARIANCE> 25
 6.517098e+000 6.586811e+000 5.137530e+000 1.456512e+001 1.402839e+001 1.189334e+001 1.646940e+001 1.290080e+001 1.150543e+001 1.006727e+001 9.447490e+000 1.418841e+001 9.541584e-002 1.434843e-001 2.826360e-001 4.414607e-001 4.096252e-001 4.954789e-001 1.008313e+000 9.072785e-001 9.000470e-001 8.889107e-001 6.961443e-001 9.173808e-001 3.881789e-002
<GCONST> 6.217132e+001
<TRANSP> 5
 0.000000e+000 1.000000e+000 0.000000e+000 0.000000e+000 0.000000e+000
 0.000000e+000 4.717522e-001 5.282478e-001 0.000000e+000 0.000000e+000
 0.000000e+000 0.000000e+000 8.062996e-001 1.937004e-001 0.000000e+000
 0.000000e+000 0.000000e+000 0.000000e+000 9.440058e-001 5.599422e-002
 0.000000e+000 0.000000e+000 0.000000e+000 0.000000e+000 0.000000e+000
<ENDHMM>
~h "oi"
<BEGINHMM>
<NUMSTATES> 5
<STATE> 2
<MEAN> 25
 -5.345427e-001 6.110781e-001 6.977077e+000 -5.904636e+000 -6.418010e+000 5.466565e+000 2.957282e-001 -7.582800e+000 -1.525313e+000 8.544952e+000 1.036221e+000 -1.547325e+000 -5.624126e-001 1.866273e-001 -5.254727e-001 6.543059e-001 6.466843e-001 2.297873e-001 1.196558e+000 5.219528e-001 2.393600e-001 -8.623542e-002 -7.479276e-002 3.688592e-003 -7.406986e-001
<VARIANCE> 25
 1.766857e+001 5.354668e+000 3.667791e+001 3.787007e+001 2.889108e+001 1.329144e+001 4.161940e+001 2.284055e+001 3.976480e+001 2.107084e+001 1.505027e+001 6.944868e+000 4.694197e-001 6.210096e-001 1.703724e+000 9.088302e-001 2.287498e+000 1.411379e+000 1.032967e+000 1.868646e+000 2.786943e+000 1.735301e+000 1.816180e+000 8.384359e-001 1.403910e-001
<GCONST> 8.298859e+001
<STATE> 3
<MEAN> 25
 -1.059004e+001 4.903450e+000 -6.253235e+000 -1.796814e+000 3.458210e+000 -4.293149e+000 -4.927566e+000 -6.737085e+000 -7.950757e+000 4.578808e+000 -3.949102e+000 -2.292080e-001 -6.061992e-002 4.686130e-002 3.082961e-002 -3.832286e-002 -2.807394e-002 -1.163283e-001 -1.243761e-002 -6.463951e-002 -1.136036e-001 -1.319436e-002 -3.800641e-002 6.583177e-002 -4.123152e-002
<VARIANCE> 25
 2.908340e+000 2.013258e+000 3.123919e+000 6.002774e+000 6.188844e+000 6.619657e+000 1.513951e+001 1.075293e+001 6.403229e+000 6.885224e+000 7.429404e+000 6.254926e+000 1.011169e-001 1.816901e-001 2.846377e-001 4.720985e-001 6.358542e-001 6.913338e-001 7.817324e-001 1.381481e+000 5.002753e-001 4.506757e-001 6.360412e-001 5.926957e-001 2.134210e-002
<GCONST> 5.401456e+001
<STATE> 4
<MEAN> 25
 -2.572313e+000 4.040394e+000 -8.004595e+000 9.784719e+000 3.289257e-001 1.437563e+000 4.497995e+000 1.111692e+000 7.495084e-001 -3.013398e+000 -1.292993e+000 4.805806e+000 9.521704e-003 9.639489e-003 -2.210701e-002 4.980318e-002 9.266523e-003 1.561606e-003 5.327275e-002 4.629423e-002 -2.796193e-002 1.366259e-002 -4.198579e-002 1.556667e-002 -1.631260e-002
<VARIANCE> 25
 2.398385e+000 3.504386e+000 6.644970e+000 1.393811e+001 1.257866e+001 1.768893e+001 1.885248e+001 2.101536e+001 1.447170e+001 2.199442e+001 1.356076e+001 1.353100e+001 1.926643e-001 3.820096e-001 5.991402e-001 1.126263e+000 1.488872e+000 1.905747e+000 2.576432e+000 2.693288e+000 1.222553e+000 2.123566e+000 1.378983e+000 1.853385e+000 6.214685e-002
<GCONST> 7.405795e+001
<TRANSP> 5
 0.000000e+000 1.000000e+000 0.000000e+000 0.000000e+000 0.000000e+000
 0.000000e+000 8.567279e-001 1.432721e-001 0.000000e+000 0.000000e+000
 0.000000e+000 0.000000e+000 9.411297e-001 5.887023e-002 0.000000e+000
 0.000000e+000 0.000000e+000 0.000000e+000 9.767475e-001 2.325252e-002
 0.000000e+000 0.000000e+000 0.000000e+000 0.000000e+000 0.000000e+000
<ENDHMM>
~h "sp"
<BEGINHMM>
<NUMSTATES> 3
<STATE> 2
~s "silst"
<TRANSP> 3
 0.000000e+000 2.256630e-001 7.743371e-001
 0.000000e+000 8.521251e-001 1.478749e-001
 0.000000e+000 0.000000e+000 0.000000e+000
<ENDHMM>
~h "sy"
<BEGINHMM>
<NUMSTATES> 5
<STATE> 2
<MEAN> 25
 1.759647e-001 -1.067959e+001 1.056882e+001 3.632622e+000 -6.668542e-002 1.046192e+000 7.070735e+000 7.650204e+000 -3.512586e-001 -3.535263e+000 6.291039e+000 -5.081928e-001 -1.637034e+000 -1.791079e+000 1.712732e+000 1.801897e-001 2.980485e-001 4.216203e-001 -4.133244e-001 -1.982779e-001 2.471040e-001 2.922132e-002 1.767078e-001 9.728509e-001 2.592111e-001
<VARIANCE> 25
 5.875430e+001 6.453372e+001 2.370130e+002 2.770117e+001 2.418959e+001 1.762845e+001 4.283429e+001 3.855689e+001 2.697021e+001 1.218590e+001 5.785555e+001 1.881496e+001 3.137505e+000 2.899979e+000 1.152738e+001 1.159826e+000 1.920225e+000 2.392884e+000 1.928336e+000 1.615488e+000 1.492901e+000 1.555656e+000 4.582586e+000 2.070307e+000 3.532689e-001
<GCONST> 9.874401e+001
<STATE> 3
<MEAN> 25
 -6.957586e+000 -5.843819e+000 1.075786e+001 -2.017501e+000 1.861119e+000 -1.161194e+000 1.373329e+000 -2.061708e-001 3.298072e+000 -4.659222e+000 5.837059e+000 3.484402e+000 1.001249e+000 -2.376322e-003 -1.158146e+000 1.135851e-001 -4.815054e-001 -4.582548e-001 4.597738e-002 -1.345697e-001 -1.531902e-001 7.862673e-002 3.649637e-001 -3.388194e-002 2.777516e-001
<VARIANCE> 25
 9.315645e+001 5.068264e+001 6.754790e+001 1.949230e+001 7.578206e+001 5.392957e+001 1.856577e+001 2.530421e+001 4.576004e+001 1.050737e+001 7.373577e+000 7.591074e+000 6.023236e+000 3.121342e+000 4.422268e+000 1.260432e+000 4.856069e+000 3.688277e+000 2.335932e+000 3.139615e+000 2.034365e+000 1.108574e+000 1.116299e+000 1.642532e+000 3.261812e-001
<GCONST> 9.608695e+001
<STATE> 4
<MEAN> 25
 1.144336e+000 -1.162002e+001 -1.588747e+000 7.724904e+000 1.510234e+000 -5.674694e+000 7.120903e-001 4.390760e+000 -1.092289e+000 1.031783e-001 3.855630e+000 -1.112813e+000 -4.075346e-001 -2.726989e-001 2.916301e-001 5.912043e-001 4.431943e-001 3.834646e-002 7.963867e-002 3.254746e-001 3.387619e-001 2.129794e-001 -8.531569e-002 -4.954315e-002 -1.968000e-001
<VARIANCE> 25
 4.491060e+001 2.779096e+001 2.381820e+001 8.668433e+001 3.757890e+001 3.133146e+001 1.888329e+001 2.905358e+001 2.405466e+001 2.705227e+001 1.168684e+001 1.306235e+001 4.499612e-001 1.365629e+000 1.220913e+000 1.203795e+000 1.515040e+000 1.051028e+000 1.418951e+000 1.845987e+000 1.107562e+000 1.184857e+000 5.535951e-001 1.327172e+000 1.061677e-001
<GCONST> 8.464084e+001
<TRANSP> 5
 0.000000e+000 1.000000e+000 0.000000e+000 0.000000e+000 0.000000e+000
 0.000000e+000 7.326688e-001 2.673312e-001 0.000000e+000 0.000000e+000
 0.000000e+000 0.000000e+000 8.510433e-001 1.489567e-001 0.000000e+000
 0.000000e+000 0.000000e+000 0.000000e+000 9.161836e-001 8.381634e-002
 0.000000e+000 0.000000e+000 0.000000e+000 0.000000e+000 0.000000e+000
<ENDHMM>
~h "sil"
<BEGINHMM>
<NUMSTATES> 5
<STATE> 2
<MEAN> 25
 -7.432201e+000 5.679565e+000 -5.551415e+000 -3.127101e+000 3.435090e-001 -3.197751e+000 -4.291882e+000 -4.240132e+000 -5.698885e+000 4.361762e+000 -3.085301e+000 1.580560e-001 1.311013e-001 -7.501628e-002 9.731987e-003 -3.116109e-002 -2.276191e-002 9.071795e-002 -3.338646e-002 -2.761184e-002 8.639874e-002 -8.539034e-003 5.448746e-002 5.898729e-002 1.393089e-001
<VARIANCE> 25
 2.763967e+001 1.764203e+001 1.320721e+001 3.380351e+001 2.489294e+001 3.532286e+001 2.147092e+001 2.943544e+001 2.279329e+001 1.730422e+001 1.649000e+001 1.058369e+001 2.912832e-001 2.450838e-001 4.522032e-001 6.067278e-001 7.330590e-001 1.031436e+000 1.066487e+000 1.028175e+000 1.099957e+000 1.092839e+000 9.983187e-001 8.320873e-001 2.017172e-001
<GCONST> 7.688261e+001
<STATE> 3
~s "silst"
<STATE> 4
<MEAN> 25
 -4.411551e+000 1.883236e+000 -1.185510e+000 4.964912e+000 2.337900e+000 3.729553e+000 4.187494e+000 1.452491e+000 3.408256e+000 2.269224e+000 1.548847e+000 1.421397e+000 -2.967654e-002 1.217529e-002 8.795655e-003 9.091136e-004 -6.762543e-003 1.160405e-002 -5.770367e-003 4.450880e-003 3.476825e-002 -2.615593e-003 1.362238e-002 3.329199e-003 -2.747887e-002
<VARIANCE> 25
 3.020877e+000 8.063614e+000 1.133457e+001 3.282784e+001 1.154942e+001 2.036007e+001 1.518953e+001 1.402871e+001 1.992513e+001 2.421204e+001 1.355937e+001 1.197809e+001 1.118390e-001 2.365437e-001 4.060311e-001 5.803100e-001 7.713038e-001 9.005718e-001 1.131633e+000 1.102528e+000 1.218627e+000 1.309479e+000 1.132061e+000 9.431255e-001 7.380300e-002
<GCONST> 6.985540e+001
<TRANSP> 5
 0.000000e+000 1.000000e+000 0.000000e+000 0.000000e+000 0.000000e+000
 0.000000e+000 8.760505e-001 5.117688e-002 7.277266e-002 0.000000e+000
 0.000000e+000 0.000000e+000 8.826858e-001 1.173141e-001 0.000000e+000
 0.000000e+000 7.949837e-003 0.000000e+000 9.641815e-001 2.786870e-002
 0.000000e+000 0.000000e+000 0.000000e+000 0.000000e+000 0.000000e+000
<ENDHMM>
