~o
<STREAMINFO> 1 25
<VECSIZE> 25<NULLD><MFCC_D_N_Z_0><DIAGC>
~h "@"
<BEGINHMM>
<NUMSTATES> 5
<STATE> 2
<MEAN> 25
 -4.266311e+000 3.080463e+000 -1.987287e+000 2.587540e+000 9.099695e-001 8.512021e-001 1.311374e+000 -1.442507e+000 6.703829e-002 3.001925e+000 9.403837e-001 1.169433e+000 8.731206e-002 -5.266676e-002 -7.062833e-002 -7.350941e-002 -9.386581e-002 -2.808709e-001 -1.104499e-001 -1.157637e-001 -2.220883e-001 -1.734332e-001 1.236951e-002 3.257160e-002 1.739419e-001
<VARIANCE> 25
 1.797060e+001 1.507519e+001 1.872517e+001 5.804312e+001 1.652957e+001 2.148287e+001 3.576790e+001 3.769857e+001 3.774775e+001 2.715786e+001 1.744127e+001 1.387989e+001 1.065871e+000 8.385373e-001 1.006177e+000 1.361248e+000 1.246530e+000 1.788866e+000 1.847652e+000 2.314801e+000 2.145316e+000 2.152725e+000 1.516961e+000 1.384923e+000 1.001439e+000
<GCONST> 8.877197e+001
<STATE> 3
<MEAN> 25
 -1.129065e+000 -8.741199e-001 -1.622912e+000 -4.899422e-001 3.819877e-001 -2.176265e-002 9.263217e-003 -2.889333e+000 -2.845900e+000 -6.861438e-001 1.400329e-001 1.616175e+000 1.702512e+000 -9.347088e-001 8.600657e-003 -9.891912e-001 -7.342612e-001 -7.193934e-001 -7.247890e-001 -3.358785e-001 -3.875713e-001 -1.277090e+000 -1.761255e-001 2.836921e-001 2.397399e+000
<VARIANCE> 25
 3.652291e+001 4.206475e+001 3.293465e+001 5.535133e+001 4.232610e+001 5.647364e+001 4.848906e+001 5.411937e+001 5.517048e+001 4.943295e+001 2.538391e+001 2.684639e+001 3.342254e+000 4.321129e+000 3.261485e+000 6.448628e+000 4.856408e+000 7.850775e+000 6.532205e+000 6.656827e+000 6.992582e+000 5.713109e+000 3.167508e+000 3.341241e+000 5.276657e+000
<GCONST> 1.117190e+002
<STATE> 4
<MEAN> 25
 3.689263e+000 -1.570294e+000 5.152014e-001 -1.858949e+000 -4.416365e-001 -1.655374e+000 -3.428402e+000 -3.159188e+000 -2.570145e+000 -3.474357e+000 -9.526917e-001 6.591126e-001 8.280877e-001 -2.079690e-001 1.223743e-001 -4.792353e-001 -1.281520e-001 -2.535506e-001 -3.581233e-001 5.869792e-001 2.146206e-001 -1.843801e-001 -3.665341e-001 -2.536441e-001 9.067994e-001
<VARIANCE> 25
 4.583551e+001 3.510701e+001 5.697708e+001 6.554509e+001 3.747596e+001 5.654217e+001 4.797239e+001 7.315331e+001 6.039523e+001 5.450625e+001 3.392137e+001 4.303581e+001 3.556847e+000 3.281453e+000 3.739322e+000 6.193288e+000 3.206870e+000 5.307211e+000 5.128140e+000 6.889927e+000 4.303068e+000 3.172647e+000 2.933656e+000 2.926985e+000 3.285274e+000
<GCONST> 1.107152e+002
<TRANSP> 5
 0.000000e+000 1.000000e+000 0.000000e+000 0.000000e+000 0.000000e+000
 0.000000e+000 7.793509e-001 2.206491e-001 0.000000e+000 0.000000e+000
 0.000000e+000 0.000000e+000 5.493457e-001 4.506543e-001 0.000000e+000
 0.000000e+000 0.000000e+000 0.000000e+000 6.529934e-001 3.470066e-001
 0.000000e+000 0.000000e+000 0.000000e+000 0.000000e+000 0.000000e+000
<ENDHMM>
~h "a"
<BEGINHMM>
<NUMSTATES> 5
<STATE> 2
<MEAN> 25
 3.081434e+000 -2.858151e+000 -1.822922e+000 -2.442194e+000 -2.790514e-001 -1.995682e+000 -6.127250e-001 1.331873e-001 -5.810884e-002 -1.733337e+000 -6.884418e-001 1.043720e-001 9.855989e-001 -1.202972e+000 -6.175242e-001 -9.705828e-001 -3.195068e-001 -5.238088e-001 -1.245300e-001 5.599766e-001 2.154084e-001 -5.109044e-001 -7.933768e-002 4.602479e-002 1.653252e+000
<VARIANCE> 25
 3.334398e+001 5.708364e+001 4.081021e+001 7.632364e+001 5.692780e+001 4.934468e+001 4.468858e+001 4.746794e+001 6.031626e+001 3.566986e+001 4.511636e+001 3.511914e+001 2.510582e+000 3.760942e+000 3.608540e+000 4.957827e+000 4.325383e+000 4.038353e+000 4.243265e+000 4.438560e+000 4.358102e+000 3.506234e+000 4.103024e+000 3.338342e+000 5.047943e+000
<GCONST> 1.100727e+002
<STATE> 3
<MEAN> 25
 6.447589e+000 -7.178867e+000 -4.694538e+000 -5.441420e+000 -1.726858e+000 -3.296693e+000 7.727815e-002 2.593151e+000 8.417280e-001 -2.868933e+000 -5.677766e-001 6.663076e-001 9.574490e-002 -2.240875e-001 -2.162453e-001 -4.874460e-002 1.228837e-002 1.731839e-001 1.321620e-001 2.148490e-001 4.662138e-002 4.157270e-002 -1.220953e-001 -1.015118e-001 6.561424e-002
<VARIANCE> 25
 1.950795e+001 3.991595e+001 4.449524e+001 5.456543e+001 5.170878e+001 4.272008e+001 4.804998e+001 4.745117e+001 6.473447e+001 3.370144e+001 5.698171e+001 4.257947e+001 9.492740e-001 2.114564e+000 1.790530e+000 2.223583e+000 2.370717e+000 2.253882e+000 2.705676e+000 2.796556e+000 2.639102e+000 2.108384e+000 2.609315e+000 2.061148e+000 2.053266e+000
<GCONST> 1.012096e+002
<STATE> 4
<MEAN> 25
 4.906930e+000 -5.489284e+000 -3.978410e+000 -4.751238e+000 -2.897082e-001 -1.344004e+000 -7.794127e-001 3.285522e+000 1.036875e+000 -1.987139e+000 -2.673931e+000 -7.782063e-001 -2.366242e-001 4.784918e-001 1.510776e-001 3.595270e-001 1.095150e-001 1.767164e-001 6.590735e-002 -1.028668e-001 -1.551187e-002 1.032464e-001 -4.830806e-003 3.221505e-002 -6.367703e-001
<VARIANCE> 25
 2.026038e+001 4.217932e+001 2.813047e+001 5.878601e+001 4.241976e+001 2.888118e+001 5.276220e+001 3.646807e+001 4.017186e+001 2.975500e+001 5.259361e+001 3.716014e+001 4.889626e-001 1.321285e+000 1.004144e+000 1.564735e+000 1.640025e+000 1.557927e+000 2.028250e+000 1.777849e+000 1.644053e+000 1.543529e+000 1.741568e+000 1.448418e+000 1.255149e+000
<GCONST> 9.376469e+001
<TRANSP> 5
 0.000000e+000 1.000000e+000 0.000000e+000 0.000000e+000 0.000000e+000
 0.000000e+000 7.062820e-001 2.937180e-001 0.000000e+000 0.000000e+000
 0.000000e+000 0.000000e+000 6.114617e-001 3.885383e-001 0.000000e+000
 0.000000e+000 0.000000e+000 0.000000e+000 8.555765e-001 1.444236e-001
 0.000000e+000 0.000000e+000 0.000000e+000 0.000000e+000 0.000000e+000
<ENDHMM>
~h "b"
<BEGINHMM>
<NUMSTATES> 5
<STATE> 2
<MEAN> 25
 -3.614444e-001 2.146465e+000 7.852190e-001 1.079531e+000 2.104366e-001 -1.838320e-001 1.159932e+000 -1.317333e+000 -1.761647e+000 -1.150443e+000 -1.287346e+000 -1.263675e-001 -2.879530e-001 -9.006765e-002 -2.100141e-001 5.926785e-002 2.084902e-002 6.869227e-002 1.655541e-001 1.180262e-001 1.758961e-001 2.086474e-001 2.127394e-001 1.144276e-001 -3.287855e-001
<VARIANCE> 25
 4.271043e+001 2.579467e+001 4.461775e+001 5.687327e+001 6.019217e+001 3.828337e+001 4.093922e+001 3.697840e+001 4.980087e+001 3.939087e+001 3.570990e+001 2.280287e+001 9.145770e-001 9.302183e-001 1.255782e+000 1.809064e+000 1.722484e+000 1.942346e+000 1.956702e+000 1.865441e+000 2.515562e+000 2.143486e+000 1.868161e+000 1.528471e+000 1.021101e+000
<GCONST> 9.605575e+001
<STATE> 3
<MEAN> 25
 -2.361532e+000 4.008090e+000 -1.913419e+000 3.241990e+000 1.474791e+000 8.710266e-001 1.023632e+000 -1.386588e+000 -1.073506e+000 1.970138e-001 -9.496772e-001 1.217193e+000 -3.150582e-001 -1.810871e-002 -1.532389e-001 4.031007e-002 -1.364036e-001 -3.273778e-002 5.644034e-002 -1.645503e-002 1.120331e-001 1.976846e-001 1.187105e-001 -2.394109e-002 -3.848600e-001
<VARIANCE> 25
 2.661503e+001 1.688338e+001 2.457227e+001 4.353857e+001 2.764548e+001 2.454793e+001 2.965199e+001 3.290971e+001 2.774073e+001 3.550735e+001 2.592554e+001 2.386699e+001 2.639725e-001 6.110381e-001 7.268850e-001 9.958072e-001 1.469672e+000 1.839475e+000 1.726274e+000 1.825343e+000 1.807716e+000 1.786888e+000 1.559443e+000 1.262244e+000 2.361645e-001
<GCONST> 8.615484e+001
<STATE> 4
<MEAN> 25
 -3.936403e+000 2.309320e+000 -1.465753e+000 4.403630e+000 1.909598e+000 3.064530e+000 4.406957e+000 1.244538e+000 2.666843e+000 1.976968e+000 1.764239e+000 6.921341e-001 -5.840103e-002 1.321116e-002 3.813129e-002 5.373480e-002 3.536529e-002 2.087693e-002 5.180549e-003 -5.818185e-002 -3.634359e-002 -4.109186e-004 3.553711e-003 -2.218254e-002 -4.396566e-002
<VARIANCE> 25
 5.516649e+000 8.767962e+000 1.105538e+001 2.476004e+001 1.091659e+001 1.359342e+001 1.744924e+001 1.518936e+001 1.693874e+001 1.586422e+001 1.498234e+001 1.230110e+001 1.491997e-001 3.770649e-001 4.474070e-001 5.685253e-001 7.342091e-001 7.711444e-001 1.009363e+000 1.048238e+000 1.148604e+000 1.251934e+000 1.062845e+000 9.226894e-001 1.359761e-001
<GCONST> 7.041718e+001
<TRANSP> 5
 0.000000e+000 1.000000e+000 0.000000e+000 0.000000e+000 0.000000e+000
 0.000000e+000 7.608130e-001 2.391870e-001 0.000000e+000 0.000000e+000
 0.000000e+000 0.000000e+000 6.822177e-001 3.177823e-001 0.000000e+000
 0.000000e+000 0.000000e+000 0.000000e+000 9.476103e-001 5.238971e-002
 0.000000e+000 0.000000e+000 0.000000e+000 0.000000e+000 0.000000e+000
<ENDHMM>
~h "c"
<BEGINHMM>
<NUMSTATES> 5
<STATE> 2
<MEAN> 25
 -3.483988e+000 1.882085e+000 -1.393986e+000 3.925969e+000 2.409784e+000 5.413775e+000 3.313813e+000 4.373251e-001 3.163058e+000 3.149543e+000 1.034613e+000 2.473508e+000 -1.482125e-001 -1.046763e-001 -1.214454e-001 4.171293e-002 -2.191355e-003 4.043738e-002 2.553641e-001 6.650110e-002 -5.090885e-002 1.323637e-001 1.429114e-001 9.462252e-002 -1.500787e-001
<VARIANCE> 25
 6.654589e+000 7.617003e+000 1.551357e+001 3.909344e+001 1.200615e+001 2.117402e+001 1.636941e+001 1.393823e+001 1.863283e+001 2.461387e+001 1.141983e+001 1.419145e+001 1.569283e-001 4.699324e-001 5.684899e-001 1.260478e+000 7.413034e-001 1.220896e+000 1.784880e+000 1.618897e+000 1.715773e+000 1.793232e+000 1.087420e+000 9.936566e-001 2.414205e-001
<GCONST> 7.626579e+001
<STATE> 3
<MEAN> 25
 -4.257704e+000 -6.334102e-001 1.148840e-001 4.390597e+000 -1.589975e-001 2.542809e+000 5.333367e+000 2.061855e+000 -3.083318e-001 1.056307e+000 2.122095e+000 3.508972e+000 -2.334618e-001 -1.046258e+000 1.001492e+000 6.632459e-001 -5.338849e-001 -1.587230e+000 -8.112241e-002 6.002797e-001 -1.200644e+000 -1.099164e+000 3.909754e-002 -5.462542e-002 6.563323e-001
<VARIANCE> 25
 8.404955e+000 2.564612e+001 2.801472e+001 4.446637e+001 9.000330e+000 2.594835e+001 2.137690e+001 2.535780e+001 2.648411e+001 1.763350e+001 1.060587e+001 9.308393e+000 6.873723e-001 3.668905e+000 2.229221e+000 4.301706e+000 1.229823e+000 1.703693e+000 2.977676e+000 3.713411e+000 2.451383e+000 2.292966e+000 1.901452e+000 1.238032e+000 6.648203e-001
<GCONST> 8.943788e+001
<STATE> 4
<MEAN> 25
 -3.897946e+000 -3.641897e+000 4.506516e+000 -2.379663e+000 -7.039851e-001 -2.151777e+000 6.500092e-001 -1.428477e+000 -3.502539e-001 1.272358e-001 2.539165e+000 1.612645e+000 7.381611e-001 -4.835156e-001 3.358065e-001 -8.530620e-001 -6.751165e-002 -6.215670e-001 -8.971424e-001 -4.877790e-001 -2.175934e-002 -2.821916e-001 -6.565146e-002 -3.274422e-001 1.597876e+000
<VARIANCE> 25
 8.538396e+001 1.787396e+002 6.625702e+001 1.036125e+002 7.730237e+001 3.581932e+001 7.823674e+001 8.027080e+001 5.666095e+001 3.164387e+001 2.812165e+001 3.746671e+001 9.298270e+000 1.244863e+001 9.658327e+000 5.565971e+000 8.970780e+000 2.979486e+000 6.568687e+000 8.391869e+000 5.023665e+000 3.789965e+000 2.998516e+000 4.172586e+000 4.554879e+000
<GCONST> 1.185578e+002
<TRANSP> 5
 0.000000e+000 1.000000e+000 0.000000e+000 0.000000e+000 0.000000e+000
 0.000000e+000 9.455519e-001 5.444813e-002 0.000000e+000 0.000000e+000
 0.000000e+000 0.000000e+000 5.954724e-001 4.045276e-001 0.000000e+000
 0.000000e+000 0.000000e+000 0.000000e+000 8.947721e-001 1.052280e-001
 0.000000e+000 0.000000e+000 0.000000e+000 0.000000e+000 0.000000e+000
<ENDHMM>
~h "d"
<BEGINHMM>
<NUMSTATES> 5
<STATE> 2
<MEAN> 25
 5.048968e+000 1.626773e+000 -6.164631e-002 -1.083201e+000 5.736165e-001 1.217232e+000 -5.738623e+000 -6.593343e+000 -3.981917e+000 -3.625531e+000 9.347190e-001 5.366198e-001 -1.196047e-001 3.345420e-001 7.646985e-002 1.761143e-001 1.140944e-001 2.146010e-001 2.638884e-001 8.512650e-003 -2.733690e-003 4.918326e-003 4.633535e-002 6.067908e-002 -3.910899e-001
<VARIANCE> 25
 1.945461e+001 2.295328e+001 2.393872e+001 4.252114e+001 5.668832e+001 4.561912e+001 7.600701e+001 5.473719e+001 2.558623e+001 2.254512e+001 5.535047e+001 2.820065e+001 5.813706e-001 1.304812e+000 1.524176e+000 1.874335e+000 1.882359e+000 2.332629e+000 2.564236e+000 2.292243e+000 1.827735e+000 1.802332e+000 2.529054e+000 1.745697e+000 1.110057e+000
<GCONST> 9.568152e+001
<STATE> 3
<MEAN> 25
 2.360691e+000 4.128726e+000 1.050645e+000 2.760956e+000 1.367592e+000 2.593877e+000 -2.035441e+000 -3.265613e+000 -1.898217e+000 -2.003550e+000 2.782471e-001 -2.940369e-002 -4.581011e-001 1.406477e-001 -1.261338e-001 1.868912e-001 1.107783e-001 -3.614073e-002 3.630743e-001 3.830292e-001 3.132113e-001 4.314862e-001 1.696363e-001 1.605569e-001 -6.295620e-001
<VARIANCE> 25
 2.679320e+001 1.811157e+001 2.080763e+001 5.621555e+001 4.181870e+001 3.653641e+001 5.911720e+001 4.309022e+001 2.552345e+001 2.887179e+001 4.384449e+001 2.031563e+001 3.001097e-001 9.006847e-001 9.961885e-001 1.159504e+000 1.183009e+000 1.741203e+000 1.800512e+000 1.503629e+000 1.570715e+000 1.999068e+000 1.503470e+000 1.292575e+000 2.768646e-001
<GCONST> 8.884406e+001
<STATE> 4
<MEAN> 25
 -2.969665e+000 2.142208e+000 3.149585e-002 3.124807e+000 1.535248e+000 2.422535e+000 2.755931e+000 2.945697e-001 1.721683e+000 2.107238e+000 6.670901e-001 1.784343e-001 -7.488103e-002 2.537699e-002 2.220999e-003 4.896191e-002 6.293068e-002 9.798941e-003 2.861481e-002 -4.058791e-002 -3.659672e-002 3.226314e-002 2.561998e-002 9.700898e-003 -7.579415e-002
<VARIANCE> 25
 9.473349e+000 9.094639e+000 1.433463e+001 2.005613e+001 1.131886e+001 1.547183e+001 2.054550e+001 2.076491e+001 1.978490e+001 1.813638e+001 1.655120e+001 1.326889e+001 2.103714e-001 3.991131e-001 4.908620e-001 5.420384e-001 7.293708e-001 8.777463e-001 1.009365e+000 1.157094e+000 1.233979e+000 1.177545e+000 1.101698e+000 1.066128e+000 1.318171e-001
<GCONST> 7.297651e+001
<TRANSP> 5
 0.000000e+000 1.000000e+000 0.000000e+000 0.000000e+000 0.000000e+000
 0.000000e+000 8.223417e-001 1.776583e-001 0.000000e+000 0.000000e+000
 0.000000e+000 0.000000e+000 6.805866e-001 3.194135e-001 0.000000e+000
 0.000000e+000 0.000000e+000 0.000000e+000 9.547745e-001 4.522555e-002
 0.000000e+000 0.000000e+000 0.000000e+000 0.000000e+000 0.000000e+000
<ENDHMM>
~h "e"
<BEGINHMM>
<NUMSTATES> 5
<STATE> 2
<MEAN> 25
 5.170722e+000 -3.297935e+000 -4.210120e-001 6.927076e+000 2.536146e+000 -8.307218e+000 -1.110140e+001 -9.565826e+000 -5.483091e+000 9.732155e-001 2.027816e+000 -1.455555e+000 -8.180413e-002 6.313541e-002 1.312209e-001 1.804818e-001 5.281544e-003 -5.481212e-002 -1.296165e-001 1.453541e-001 3.353876e-001 1.334260e-001 -1.506543e-001 -2.318380e-001 -1.374207e-001
<VARIANCE> 25
 1.013513e+001 3.389896e+001 4.985320e+001 3.312423e+001 2.332928e+001 5.898956e+001 6.198415e+001 3.941504e+001 3.160974e+001 6.864538e+001 5.179697e+001 2.954253e+001 5.016535e-001 1.772279e+000 1.388702e+000 1.411762e+000 1.156039e+000 4.698674e+000 2.909180e+000 2.140624e+000 2.407410e+000 2.614450e+000 2.361102e+000 1.765988e+000 7.280746e-001
<GCONST> 9.626631e+001
<STATE> 3
<MEAN> 25
 2.493975e+000 2.342419e+000 1.967001e+000 4.599672e+000 2.667137e+000 9.615822e-001 -2.897611e+000 -3.667373e+000 -1.105787e+000 -2.687867e+000 -3.012320e+000 -3.654005e+000 -4.742762e-001 4.230248e-001 -1.144552e-001 -9.431699e-002 5.142183e-001 1.059065e+000 9.635863e-001 4.236310e-001 3.279462e-001 -2.159641e-002 -3.055236e-001 2.716340e-001 -6.740981e-001
<VARIANCE> 25
 1.257796e+001 1.191119e+001 1.721831e+001 4.007606e+001 5.105765e+001 4.489317e+001 3.503132e+001 2.248808e+001 2.948250e+001 5.058471e+001 3.700677e+001 2.308659e+001 2.873250e-001 7.940465e-001 1.121727e+000 1.041598e+000 1.307408e+000 1.639140e+000 1.693339e+000 1.495124e+000 1.892627e+000 2.414594e+000 2.032394e+000 1.645937e+000 2.092959e-001
<GCONST> 8.748939e+001
<STATE> 4
<MEAN> 25
 -3.542134e+000 1.743423e+000 -8.167383e-001 4.193779e+000 2.513522e+000 4.619908e+000 2.538335e+000 5.572013e-001 2.500172e+000 1.903211e+000 5.118603e-001 5.893219e-001 -9.612529e-002 -1.821475e-002 -4.505997e-002 -3.043113e-002 -7.107248e-003 5.077452e-002 1.055692e-001 1.166548e-001 1.105881e-001 9.229667e-002 1.193593e-001 7.068674e-002 -8.043462e-002
<VARIANCE> 25
 5.089961e+000 6.047485e+000 1.044756e+001 2.654369e+001 1.219110e+001 1.641059e+001 1.734629e+001 1.588728e+001 2.121139e+001 2.379132e+001 1.118164e+001 1.118139e+001 1.649353e-001 3.447635e-001 4.983359e-001 7.154497e-001 8.325826e-001 1.165533e+000 1.276565e+000 1.194880e+000 1.525778e+000 1.691809e+000 1.160649e+000 1.122968e+000 1.190980e-001
<GCONST> 7.254811e+001
<TRANSP> 5
 0.000000e+000 1.000000e+000 0.000000e+000 0.000000e+000 0.000000e+000
 0.000000e+000 8.961209e-001 1.038791e-001 0.000000e+000 0.000000e+000
 0.000000e+000 0.000000e+000 7.772545e-001 2.227456e-001 0.000000e+000
 0.000000e+000 0.000000e+000 0.000000e+000 9.497151e-001 5.028488e-002
 0.000000e+000 0.000000e+000 0.000000e+000 0.000000e+000 0.000000e+000
<ENDHMM>
~h "f"
<BEGINHMM>
<NUMSTATES> 5
<STATE> 2
<MEAN> 25
 -8.270208e+000 -1.851019e+000 1.407096e+000 2.574607e+000 5.414810e+000 -3.128867e+000 4.979327e+000 -1.629287e+000 2.270694e+000 1.008040e+000 2.186531e+000 2.707556e+000 6.117889e-001 -2.830794e-001 -2.693101e-002 -9.593088e-001 -6.876566e-001 -3.139779e-001 -3.683087e-001 -3.542706e-001 -3.081532e-001 -3.877619e-001 -4.003334e-001 -4.093213e-001 1.129321e+000
<VARIANCE> 25
 4.840265e+001 4.652702e+001 1.789191e+001 2.795601e+001 3.778151e+001 4.535061e+001 3.283334e+001 1.504318e+001 2.017702e+001 1.854791e+001 1.543761e+001 1.318058e+001 7.766849e+000 1.949042e+000 2.866890e+000 2.229840e+000 5.650588e+000 3.047846e+000 3.720014e+000 2.010209e+000 3.445119e+000 2.378166e+000 1.552912e+000 1.773309e+000 1.044576e+000
<GCONST> 9.736096e+001
<STATE> 3
<MEAN> 25
 3.430965e+000 -2.868036e+000 9.952747e-001 -1.933800e+000 -1.063405e+001 -5.294350e+000 7.067207e-002 1.296481e+000 -4.552064e+000 -6.150352e+000 2.809792e+000 7.810782e-001 2.166008e-001 -3.393711e-001 -4.532092e-001 -3.723141e-001 1.909433e-002 1.633265e-001 2.181260e-001 3.769622e-001 1.314701e-001 1.709671e-001 5.850561e-002 -1.243857e-001 9.036048e-002
<VARIANCE> 25
 3.224151e+001 2.094790e+001 1.559334e+002 5.443019e+001 4.769421e+001 2.182303e+001 8.042968e+001 6.126432e+001 2.098181e+001 2.323177e+001 2.061262e+001 1.545850e+001 2.109143e+000 1.466784e+000 1.257016e+000 2.790531e+000 2.136058e+000 1.181367e+000 1.972581e+000 2.339887e+000 1.470219e+000 1.237539e+000 1.294491e+000 1.562046e+000 2.801252e+000
<GCONST> 9.608429e+001
<STATE> 4
<MEAN> 25
 4.817820e+000 -7.595848e+000 -3.401155e+000 -1.430766e+001 5.908143e+000 4.360103e+000 -4.111718e+000 -2.904320e+000 1.451339e+000 8.465733e-001 9.451136e-001 -5.470281e+000 -9.013490e-003 2.462450e-001 1.112372e-001 7.635757e-002 -7.476334e-002 -5.726090e-002 8.444940e-002 -2.904966e-001 -3.564303e-002 1.078158e-001 -1.981251e-001 -1.453232e-001 -1.029890e-002
<VARIANCE> 25
 2.663414e+001 3.679400e+001 3.742147e+001 8.387328e+001 9.906676e+001 3.710180e+001 5.755430e+001 2.396427e+001 4.533991e+001 2.733416e+001 1.801413e+001 1.745278e+001 2.380399e+000 3.015825e+000 2.069135e+000 6.030750e+000 3.966187e+000 2.502789e+000 4.103177e+000 2.223993e+000 3.061019e+000 1.428622e+000 1.739567e+000 1.371060e+000 3.787455e+000
<GCONST> 1.018755e+002
<TRANSP> 5
 0.000000e+000 1.000000e+000 0.000000e+000 0.000000e+000 0.000000e+000
 0.000000e+000 8.830386e-001 1.169614e-001 0.000000e+000 0.000000e+000
 0.000000e+000 0.000000e+000 8.453279e-001 1.546721e-001 0.000000e+000
 0.000000e+000 0.000000e+000 0.000000e+000 9.064709e-001 9.352911e-002
 0.000000e+000 0.000000e+000 0.000000e+000 0.000000e+000 0.000000e+000
<ENDHMM>
~h "g"
<BEGINHMM>
<NUMSTATES> 5
<STATE> 2
<MEAN> 25
 -3.360875e+000 2.094355e+000 1.935110e-001 4.462316e+000 1.888461e+000 4.776105e-001 1.473042e+000 5.842088e-001 5.798184e-001 3.230222e-001 -4.758863e-001 1.328992e+000 -1.208160e-001 -2.023370e-001 -2.166468e-001 -2.254457e-001 2.502754e-002 -1.329134e-002 -5.589587e-002 -5.825196e-002 -1.106901e-001 2.181546e-001 8.300680e-002 -1.190197e-001 1.828890e-002
<VARIANCE> 25
 1.228369e+001 2.784547e+001 2.414146e+001 2.933130e+001 1.627646e+001 2.664803e+001 3.439200e+001 2.916012e+001 2.548796e+001 3.016013e+001 1.860747e+001 1.840965e+001 6.043200e-001 2.008130e+000 1.345170e+000 1.821634e+000 1.447147e+000 1.832778e+000 2.143266e+000 2.551456e+000 1.844864e+000 2.185687e+000 1.833684e+000 1.347250e+000 1.845591e+000
<GCONST> 9.048444e+001
<STATE> 3
<MEAN> 25
 -3.949356e+000 -4.080804e+000 -2.399533e-001 1.125502e+000 1.261950e+000 8.473328e-001 4.674027e-001 -1.887786e+000 -2.628740e+000 1.898869e+000 -1.310594e-001 -1.537326e+000 4.937425e-001 -1.281332e+000 3.376882e-001 -1.064409e+000 -7.355792e-001 -2.195925e-001 -3.452766e-001 -1.259331e-001 -3.071725e-001 -4.617839e-001 6.603774e-002 -4.504447e-001 1.725678e+000
<VARIANCE> 25
 2.550743e+001 1.246292e+002 3.557049e+001 5.071067e+001 6.265380e+001 7.647684e+001 4.510102e+001 3.546971e+001 2.030887e+001 4.125289e+001 2.644145e+001 3.463895e+001 1.670831e+000 1.284293e+001 3.868977e+000 7.954381e+000 1.320559e+001 6.327008e+000 5.783169e+000 5.179261e+000 2.834417e+000 4.603526e+000 3.019124e+000 3.399972e+000 4.923249e+000
<GCONST> 1.117210e+002
<STATE> 4
<MEAN> 25
 6.128408e-001 2.722026e-001 6.735680e-001 -1.472089e+000 1.139259e-001 -3.693134e-001 -3.189020e+000 -4.901702e+000 -4.705427e+000 3.515442e-001 4.553514e-001 -1.821759e+000 8.678305e-001 -2.282959e-002 1.308937e-001 -8.516685e-001 -9.068493e-001 -2.550854e-001 -8.727532e-001 -2.853702e-001 -4.264742e-001 -2.116171e-001 5.300070e-001 2.964674e-002 1.393324e+000
<VARIANCE> 25
 2.335870e+001 4.863583e+001 1.179430e+002 4.841061e+001 1.146678e+002 3.824112e+001 6.699339e+001 7.576952e+001 2.496341e+001 5.412618e+001 3.802585e+001 4.643901e+001 1.426613e+000 2.764879e+000 6.972716e+000 5.696336e+000 7.300950e+000 2.796329e+000 5.190813e+000 4.020278e+000 1.927554e+000 4.985910e+000 3.454294e+000 2.420142e+000 5.418165e+000
<GCONST> 1.104203e+002
<TRANSP> 5
 0.000000e+000 1.000000e+000 0.000000e+000 0.000000e+000 0.000000e+000
 0.000000e+000 8.462188e-001 1.537812e-001 0.000000e+000 0.000000e+000
 0.000000e+000 0.000000e+000 5.471342e-001 4.528658e-001 0.000000e+000
 0.000000e+000 0.000000e+000 0.000000e+000 7.108835e-001 2.891165e-001
 0.000000e+000 0.000000e+000 0.000000e+000 0.000000e+000 0.000000e+000
<ENDHMM>
~h "h"
<BEGINHMM>
<NUMSTATES> 5
<STATE> 2
<MEAN> 25
 1.215686e+000 -5.571208e+000 -2.594206e+000 -2.497393e+000 1.042111e+000 4.211361e-001 3.830954e+000 2.537320e+000 -6.520744e-001 -3.555157e-001 -7.227027e-001 1.188674e+000 -3.146650e-001 1.082179e-001 -2.658754e-002 2.104251e-001 -2.268615e-002 2.530961e-001 1.766932e-001 1.533754e-001 3.173247e-001 2.780974e-001 2.653717e-001 1.193472e-001 -6.134974e-001
<VARIANCE> 25
 2.357178e+001 4.264926e+001 1.933412e+001 6.522657e+001 4.635752e+001 2.892192e+001 6.020931e+001 2.861175e+001 3.510408e+001 3.605516e+001 2.977986e+001 3.472760e+001 6.206778e-001 9.100504e-001 8.390186e-001 1.720514e+000 1.218485e+000 1.228057e+000 2.008194e+000 1.413647e+000 1.770005e+000 1.825793e+000 1.566109e+000 1.217190e+000 5.213956e-001
<GCONST> 9.114633e+001
<STATE> 3
<MEAN> 25
 -1.993884e+000 -3.611879e+000 -3.369473e+000 2.536270e+000 2.436880e+000 2.217622e+000 4.927852e+000 3.294592e+000 1.689091e+000 1.433200e+000 1.711277e+000 2.290063e+000 -2.133861e-001 7.173204e-001 2.123497e-001 2.136014e-001 -3.219101e-002 2.364953e-001 -1.782048e-001 -5.130392e-002 3.062797e-001 2.118169e-001 8.088416e-002 2.012286e-002 -6.312839e-001
<VARIANCE> 25
 8.049749e+000 2.417550e+001 1.316428e+001 3.883813e+001 2.509543e+001 1.538259e+001 2.176560e+001 2.256102e+001 2.432466e+001 1.881277e+001 2.317534e+001 1.992230e+001 1.856649e-001 6.951823e-001 5.955167e-001 9.129637e-001 9.934039e-001 9.601729e-001 1.330723e+000 1.381930e+000 1.402672e+000 1.250463e+000 1.443339e+000 1.114658e+000 1.494434e-001
<GCONST> 7.890997e+001
<STATE> 4
<MEAN> 25
 -3.601346e+000 1.215158e+000 -2.084452e+000 4.920259e+000 1.207553e+000 2.888856e+000 3.745787e+000 1.443497e+000 2.727175e+000 2.338250e+000 2.278109e+000 1.382988e+000 -4.392000e-002 5.550199e-002 2.618975e-002 4.572973e-002 1.329479e-002 -1.788102e-004 -2.523494e-002 -8.942648e-002 -3.449843e-002 1.422668e-002 -1.182379e-002 -1.733081e-002 -4.873702e-002
<VARIANCE> 25
 3.930127e+000 8.779778e+000 8.668341e+000 3.227340e+001 1.275293e+001 1.124737e+001 1.957965e+001 1.780229e+001 1.790840e+001 1.671854e+001 1.380631e+001 1.126131e+001 1.242153e-001 3.207867e-001 4.574700e-001 6.545593e-001 7.701223e-001 9.542682e-001 1.177949e+000 1.197087e+000 1.018403e+000 1.275545e+000 1.184637e+000 9.555883e-001 8.430488e-002
<GCONST> 7.020937e+001
<TRANSP> 5
 0.000000e+000 1.000000e+000 0.000000e+000 0.000000e+000 0.000000e+000
 0.000000e+000 8.497473e-001 1.502528e-001 0.000000e+000 0.000000e+000
 0.000000e+000 0.000000e+000 7.097460e-001 2.902540e-001 0.000000e+000
 0.000000e+000 0.000000e+000 0.000000e+000 9.557385e-001 4.426152e-002
 0.000000e+000 0.000000e+000 0.000000e+000 0.000000e+000 0.000000e+000
<ENDHMM>
~h "i"
<BEGINHMM>
<NUMSTATES> 5
<STATE> 2
<MEAN> 25
 -5.052366e-001 -1.711161e+000 1.096306e+001 1.587804e+000 -2.775469e+000 -3.784554e+000 -3.612722e+000 -3.011452e+000 -3.827868e+000 -2.582830e-001 1.287173e+000 -2.937499e+000 4.744183e-001 -1.168327e-001 1.459708e+000 2.225361e-001 -5.795403e-001 -5.596971e-001 -1.321497e+000 -3.397092e-001 -6.873875e-001 -4.886907e-001 -1.245070e-001 -6.098574e-001 1.020933e+000
<VARIANCE> 25
 3.927126e+001 8.076949e+001 1.032666e+002 1.577116e+002 1.354284e+002 8.949315e+001 8.573483e+001 6.991506e+001 6.522234e+001 5.786364e+001 4.970316e+001 4.171402e+001 2.530569e+000 3.827481e+000 6.456236e+000 9.216408e+000 6.862637e+000 6.942331e+000 6.925181e+000 4.586264e+000 5.494288e+000 4.391109e+000 3.567372e+000 2.519138e+000 3.467335e+000
<GCONST> 1.179821e+002
<STATE> 3
<MEAN> 25
 1.676779e+000 -1.358836e+000 1.074313e+001 1.080613e+001 2.019450e+000 -8.421767e+000 -1.056307e+001 -2.731073e+000 -3.868469e+000 -6.321998e+000 -3.003757e+000 -5.881343e+000 -4.731840e-002 3.112049e-001 -2.252070e-003 -3.156111e-001 -2.344418e-001 2.723393e-001 9.981339e-002 2.033670e-002 5.539996e-002 3.668930e-002 -1.797006e-001 2.487243e-002 -2.242437e-001
<VARIANCE> 25
 9.101273e+000 3.310163e+001 5.320919e+001 1.392984e+002 1.068472e+002 5.642896e+001 3.100525e+001 5.117360e+001 3.936475e+001 3.468204e+001 4.458487e+001 3.031928e+001 3.551734e-001 9.861832e-001 1.295649e+000 1.919942e+000 1.701974e+000 2.949207e+000 2.020896e+000 2.211789e+000 1.823858e+000 1.902406e+000 1.661659e+000 1.413622e+000 5.653674e-001
<GCONST> 9.556848e+001
<STATE> 4
<MEAN> 25
 -5.573004e-001 4.377916e+000 1.430544e+001 -2.187471e+000 -7.383012e+000 -9.806845e-001 -6.787613e+000 -6.398654e+000 -5.971724e+000 -8.388131e-001 -8.295494e-002 -2.490454e+000 -1.544915e-001 2.229878e-002 -8.868738e-001 2.134546e-001 5.575205e-001 3.258419e-001 6.806786e-001 2.672795e-001 4.098147e-001 3.377654e-001 3.062136e-002 4.371841e-001 -8.269455e-001
<VARIANCE> 25
 1.660534e+001 2.411165e+001 6.536430e+001 8.958329e+001 8.278958e+001 3.767495e+001 4.665960e+001 5.503749e+001 4.072678e+001 3.688097e+001 4.434682e+001 2.741927e+001 4.619350e-001 8.316499e-001 1.828863e+000 2.538545e+000 2.007214e+000 2.159576e+000 2.208055e+000 2.284831e+000 1.650060e+000 1.844302e+000 1.652645e+000 1.513950e+000 1.159600e+000
<GCONST> 9.677031e+001
<TRANSP> 5
 0.000000e+000 1.000000e+000 0.000000e+000 0.000000e+000 0.000000e+000
 0.000000e+000 8.253736e-001 1.746264e-001 0.000000e+000 0.000000e+000
 0.000000e+000 0.000000e+000 8.432097e-001 1.567902e-001 0.000000e+000
 0.000000e+000 0.000000e+000 0.000000e+000 8.702872e-001 1.297127e-001
 0.000000e+000 0.000000e+000 0.000000e+000 0.000000e+000 0.000000e+000
<ENDHMM>
~h "j"
<BEGINHMM>
<NUMSTATES> 5
<STATE> 2
<MEAN> 25
 -2.322557e+000 2.874942e+000 -2.321899e+000 7.554315e+000 -9.998949e-001 8.890940e-001 1.541743e+000 1.975885e+000 -6.684029e-001 -7.067301e-001 5.813095e-001 1.729886e+000 -3.343429e-001 -2.580035e-001 -1.279047e-001 -1.869531e-001 1.365265e-001 2.058577e-001 1.270268e-001 -6.564242e-002 3.320407e-002 1.418354e-001 1.924693e-001 1.869275e-001 -1.183507e-001
<VARIANCE> 25
 9.767618e+000 1.824559e+001 1.985329e+001 2.533606e+001 1.613471e+001 2.977460e+001 2.290516e+001 1.529906e+001 2.122117e+001 1.890784e+001 1.960031e+001 1.736436e+001 4.656715e-001 1.293571e+000 1.025194e+000 1.517408e+000 1.587617e+000 1.948038e+000 2.246382e+000 1.401393e+000 1.731814e+000 1.624850e+000 1.764189e+000 1.300179e+000 1.888687e+000
<GCONST> 8.592036e+001
<STATE> 3
<MEAN> 25
 -6.366490e+000 -9.961385e-001 6.051597e+000 -4.218647e+000 -3.756271e-001 -6.840043e+000 4.847952e+000 -1.139778e+000 2.291954e+000 -2.611498e+000 3.156832e+000 1.677439e+000 2.047457e-001 -2.618496e-001 3.775473e-001 -4.957711e-001 -3.701225e-001 -6.610585e-001 -2.059503e-001 3.619930e-002 5.665161e-002 -2.361867e-001 1.710635e-001 3.940418e-002 1.362254e+000
<VARIANCE> 25
 8.903582e+001 7.098865e+001 6.022955e+001 6.853383e+001 4.252066e+001 6.068231e+001 8.366815e+001 2.082829e+001 3.486530e+001 4.142235e+001 2.240913e+001 3.550628e+001 8.952656e+000 4.589147e+000 4.285419e+000 6.122370e+000 6.402193e+000 5.277544e+000 7.522156e+000 2.355948e+000 3.450832e+000 3.151243e+000 2.168221e+000 3.218424e+000 1.073227e+001
<GCONST> 1.123775e+002
<STATE> 4
<MEAN> 25
 -1.104259e+000 -1.537098e-001 -1.248656e+000 -6.862452e-001 -1.466251e-002 2.216711e+000 2.537120e+000 2.031781e+000 2.719467e+000 2.625863e+000 1.083678e+000 4.822154e-001 -7.771117e-002 -5.901035e-003 5.385749e-002 4.321040e-002 3.545320e-002 5.591522e-002 -1.047088e-002 1.748127e-002 6.840664e-002 8.674247e-003 -4.100187e-002 -9.205609e-002 -1.370793e-001
<VARIANCE> 25
 2.149563e+001 9.012143e+000 1.563905e+001 2.414956e+001 2.114097e+001 2.358122e+001 1.503770e+001 1.195352e+001 2.181028e+001 1.680422e+001 1.111768e+001 1.257302e+001 3.755959e-001 5.115453e-001 5.000519e-001 6.469189e-001 7.790278e-001 9.295817e-001 9.713588e-001 1.066633e+000 1.181903e+000 1.163098e+000 8.889023e-001 8.985493e-001 4.838850e-001
<GCONST> 7.569688e+001
<TRANSP> 5
 0.000000e+000 1.000000e+000 0.000000e+000 0.000000e+000 0.000000e+000
 0.000000e+000 8.794240e-001 1.205760e-001 0.000000e+000 0.000000e+000
 0.000000e+000 0.000000e+000 9.011503e-001 9.884967e-002 0.000000e+000
 0.000000e+000 0.000000e+000 0.000000e+000 9.648866e-001 3.511341e-002
 0.000000e+000 0.000000e+000 0.000000e+000 0.000000e+000 0.000000e+000
<ENDHMM>
~h "k"
<BEGINHMM>
<NUMSTATES> 5
<STATE> 2
<MEAN> 25
 -3.641859e+000 2.681920e+000 -1.347969e+000 3.688300e+000 1.434429e+000 3.624844e+000 1.948050e+000 8.347940e-001 2.266339e+000 1.828110e+000 3.984948e-001 1.923049e+000 -2.253336e-001 -2.318240e-001 -4.092058e-001 -9.515119e-002 1.745983e-001 1.396341e-001 2.192159e-001 -1.949063e-001 -3.336034e-001 -4.739171e-004 2.164516e-001 2.458481e-001 -2.945556e-002
<VARIANCE> 25
 8.465149e+000 1.777970e+001 2.271779e+001 5.554015e+001 2.544397e+001 3.249389e+001 2.514293e+001 2.737283e+001 2.848980e+001 2.920164e+001 1.821526e+001 1.690766e+001 6.243076e-001 1.410048e+000 1.322751e+000 2.079200e+000 2.181936e+000 2.635149e+000 2.749374e+000 2.431897e+000 3.124552e+000 2.387016e+000 1.662368e+000 1.355606e+000 1.405007e+000
<GCONST> 9.150193e+001
<STATE> 3
<MEAN> 25
 -4.115305e+000 5.300952e-001 -2.715456e+000 1.213390e-001 1.360472e+000 2.844456e+000 3.440087e+000 -1.351910e+000 -3.016989e+000 1.264796e-001 1.544989e+000 2.338968e+000 4.234030e-001 -1.873734e+000 -4.859782e-001 -1.400233e+000 -8.678622e-001 -3.941948e-001 3.781493e-001 -5.919187e-001 -1.270149e+000 -1.119383e+000 5.246945e-001 4.647887e-002 2.408686e+000
<VARIANCE> 25
 1.797912e+001 4.395301e+001 2.425453e+001 5.622089e+001 5.216866e+001 5.211349e+001 4.481799e+001 3.359583e+001 4.469091e+001 3.338968e+001 2.136023e+001 1.743465e+001 2.795394e+000 6.929741e+000 3.655547e+000 6.133051e+000 1.061329e+001 9.251109e+000 9.465521e+000 6.115580e+000 5.620175e+000 7.618323e+000 4.014780e+000 3.173615e+000 4.359226e+000
<GCONST> 1.107832e+002
<STATE> 4
<MEAN> 25
 1.813100e+000 -6.991978e+000 -1.671034e+000 -9.315896e+000 4.360860e+000 1.176079e+000 1.302361e+000 -8.014442e-001 2.585530e+000 1.606338e+000 2.588024e-001 -2.597165e+000 6.862946e-001 -2.112854e-001 1.406544e-001 -3.933806e-001 -2.091366e-001 -3.466395e-001 -4.865707e-001 -1.132161e-001 2.459473e-001 8.879999e-003 -6.401847e-002 -2.779490e-001 1.001647e+000
<VARIANCE> 25
 6.163303e+001 7.040398e+001 5.910081e+001 1.470199e+002 1.356277e+002 5.185073e+001 6.867628e+001 6.486822e+001 8.984506e+001 5.663880e+001 3.914569e+001 3.891140e+001 3.649112e+000 4.431074e+000 4.326890e+000 1.109512e+001 6.438299e+000 4.513505e+000 5.028427e+000 4.653039e+000 5.499124e+000 3.649039e+000 3.242203e+000 3.171856e+000 8.530203e+000
<GCONST> 1.171653e+002
<TRANSP> 5
 0.000000e+000 1.000000e+000 0.000000e+000 0.000000e+000 0.000000e+000
 0.000000e+000 8.016449e-001 1.983550e-001 0.000000e+000 0.000000e+000
 0.000000e+000 0.000000e+000 4.849175e-001 5.150825e-001 0.000000e+000
 0.000000e+000 0.000000e+000 0.000000e+000 8.886748e-001 1.113252e-001
 0.000000e+000 0.000000e+000 0.000000e+000 0.000000e+000 0.000000e+000
<ENDHMM>
~h "l"
<BEGINHMM>
<NUMSTATES> 5
<STATE> 2
<MEAN> 25
 7.594738e+000 -3.038498e+000 3.034041e-001 -2.199564e+000 -3.308319e+000 -3.731439e+000 -4.377233e+000 1.748392e-001 -9.774750e-001 -5.811028e+000 -5.476654e+000 -2.798866e-001 2.080810e-001 -1.556185e-001 -1.034993e-001 -1.224510e-002 -2.191145e-001 -3.949901e-001 -1.163733e-002 2.467473e-001 5.958433e-002 -7.901971e-002 -4.169533e-001 1.716706e-001 1.101894e-001
<VARIANCE> 25
 1.282399e+001 4.022491e+001 4.238230e+001 7.849065e+001 3.791589e+001 5.328219e+001 7.434490e+001 6.863993e+001 7.306448e+001 1.082247e+002 4.566628e+001 3.335616e+001 4.078517e-001 1.282044e+000 1.675281e+000 2.306981e+000 2.053286e+000 2.459416e+000 3.258600e+000 3.230838e+000 2.391055e+000 3.475096e+000 3.001900e+000 1.944586e+000 6.181074e-001
<GCONST> 1.008326e+002
<STATE> 3
<MEAN> 25
 7.605510e+000 -2.203014e+000 -1.231889e+000 -3.731367e+000 -6.182756e+000 -7.748856e+000 -5.324084e+000 1.902497e+000 -7.116312e-001 -4.387762e+000 -3.399958e+000 1.321725e+000 -1.108292e-001 1.781027e-001 9.605125e-002 -8.596198e-002 -2.546342e-002 8.921218e-003 7.870461e-003 1.807000e-002 7.945950e-002 2.854805e-001 2.132833e-001 -4.283919e-002 -1.240160e-001
<VARIANCE> 25
 9.354471e+000 3.988676e+001 3.974329e+001 5.036136e+001 3.732990e+001 5.557547e+001 4.975967e+001 6.735805e+001 8.183581e+001 7.062393e+001 7.163475e+001 3.568406e+001 2.742904e-001 1.001111e+000 1.014718e+000 1.466995e+000 1.590385e+000 2.102425e+000 1.780624e+000 2.370256e+000 1.963673e+000 2.169395e+000 2.170810e+000 1.559982e+000 4.611412e-001
<GCONST> 9.538101e+001
<STATE> 4
<MEAN> 25
 2.716526e+000 -5.861844e-001 8.225638e-001 -3.915346e+000 -1.547938e+000 -2.865422e+000 -5.366536e+000 -7.388263e-002 3.813493e-001 5.291427e-001 -2.707232e+000 -1.660060e+000 -1.918578e-001 2.072831e-001 1.194305e-001 1.827020e-001 6.421974e-002 1.162849e-001 1.015399e-001 2.030178e-002 9.266770e-003 1.790126e-002 1.254864e-001 4.284495e-002 -3.175696e-001
<VARIANCE> 25
 3.253048e+001 2.289428e+001 3.164798e+001 7.702358e+001 2.450976e+001 5.205484e+001 7.361427e+001 4.385103e+001 2.716294e+001 3.891538e+001 3.389312e+001 1.916242e+001 2.459635e-001 5.195014e-001 7.189961e-001 1.052780e+000 1.137023e+000 1.381913e+000 1.440653e+000 1.813121e+000 1.346436e+000 1.372405e+000 1.395001e+000 1.057847e+000 3.188648e-001
<GCONST> 8.796546e+001
<TRANSP> 5
 0.000000e+000 1.000000e+000 0.000000e+000 0.000000e+000 0.000000e+000
 0.000000e+000 7.859290e-001 2.140711e-001 0.000000e+000 0.000000e+000
 0.000000e+000 0.000000e+000 8.359287e-001 1.640713e-001 0.000000e+000
 0.000000e+000 0.000000e+000 0.000000e+000 8.829824e-001 1.170176e-001
 0.000000e+000 0.000000e+000 0.000000e+000 0.000000e+000 0.000000e+000
<ENDHMM>
~h "m"
<BEGINHMM>
<NUMSTATES> 5
<STATE> 2
<MEAN> 25
 5.331245e+000 1.107281e+000 -7.306699e-001 8.334061e-002 -3.248184e-001 -9.856664e-001 -1.435650e+000 -2.376884e+000 -2.086352e+000 -2.049336e+000 -2.137252e+000 -2.091002e+000 -2.293393e-001 7.348662e-001 5.469294e-001 9.393461e-001 3.805247e-001 5.318096e-001 4.643462e-002 -6.406292e-001 -4.569402e-001 1.305134e-001 -3.617642e-001 -2.128256e-001 -7.389805e-001
<VARIANCE> 25
 1.571115e+001 2.469396e+001 2.708282e+001 3.790378e+001 3.115746e+001 4.445752e+001 3.744825e+001 1.086947e+002 5.511258e+001 4.049020e+001 3.226789e+001 2.209948e+001 4.834088e-001 1.359016e+000 1.831520e+000 2.319474e+000 2.287909e+000 2.658612e+000 2.006995e+000 3.126648e+000 2.810213e+000 1.685468e+000 2.300012e+000 1.912231e+000 8.919410e-001
<GCONST> 9.625749e+001
<STATE> 3
<MEAN> 25
 4.210455e+000 3.990021e+000 2.173374e+000 3.997983e+000 9.081855e-001 2.594525e+000 2.265116e-001 -5.213000e+000 -2.776318e+000 -4.757954e-001 -2.795328e+000 -2.866426e+000 -2.673323e-001 3.480117e-001 1.094465e-001 4.163214e-001 3.116483e-001 4.828601e-001 3.657636e-001 6.685645e-002 -8.544008e-003 -1.270868e-001 -1.551963e-001 -1.720225e-001 -5.029784e-001
<VARIANCE> 25
 1.969880e+001 2.198269e+001 2.992968e+001 3.944373e+001 3.741278e+001 3.108054e+001 4.564483e+001 1.437778e+002 7.741151e+001 5.091844e+001 3.618175e+001 3.248205e+001 3.644621e-001 8.417290e-001 1.180876e+000 1.693556e+000 1.467871e+000 1.704005e+000 1.678527e+000 2.955078e+000 1.790222e+000 1.903453e+000 1.688280e+000 1.756516e+000 5.876212e-001
<GCONST> 9.409889e+001
<STATE> 4
<MEAN> 25
 1.520500e+000 2.187090e+000 3.886590e-001 1.565351e+000 2.963558e+000 1.986505e+000 1.381838e+000 2.069473e+000 3.950163e+000 1.024627e+000 -2.230785e+000 -4.225350e+000 -2.087641e-001 -1.427259e-001 -9.860722e-002 -2.123407e-001 1.371938e-001 -1.730247e-001 -8.441287e-002 2.554904e-001 2.469209e-001 -7.044704e-002 9.765819e-002 1.589692e-001 -1.175827e-002
<VARIANCE> 25
 2.888412e+001 3.163460e+001 2.783481e+001 8.642028e+001 7.136694e+001 3.024039e+001 8.642279e+001 7.812024e+001 6.748106e+001 4.358851e+001 3.738791e+001 4.449577e+001 5.854234e-001 1.305634e+000 1.404467e+000 3.441487e+000 3.275037e+000 1.873469e+000 2.708830e+000 3.961781e+000 2.512764e+000 2.568520e+000 1.946891e+000 2.133301e+000 1.431176e+000
<GCONST> 1.015891e+002
<TRANSP> 5
 0.000000e+000 1.000000e+000 0.000000e+000 0.000000e+000 0.000000e+000
 0.000000e+000 7.632525e-001 2.367475e-001 0.000000e+000 0.000000e+000
 0.000000e+000 0.000000e+000 6.564103e-001 3.435898e-001 0.000000e+000
 0.000000e+000 0.000000e+000 0.000000e+000 7.796766e-001 2.203234e-001
 0.000000e+000 0.000000e+000 0.000000e+000 0.000000e+000 0.000000e+000
<ENDHMM>
~h "n"
<BEGINHMM>
<NUMSTATES> 5
<STATE> 2
<MEAN> 25
 6.500585e+000 -9.254756e-001 -1.382858e+000 3.815272e-001 -3.500880e-001 5.833310e-001 -4.542516e-001 -2.066044e+000 -8.314055e-001 -1.635926e+000 -2.410569e+000 -9.788413e-001 -2.461724e-001 9.342438e-001 6.367713e-001 9.494801e-001 3.276933e-001 7.212220e-001 3.488631e-001 -6.864371e-001 -3.372264e-001 1.370257e-001 -6.047685e-001 -6.915671e-001 -8.847535e-001
<VARIANCE> 25
 1.632685e+001 3.983919e+001 4.328727e+001 5.623078e+001 8.362793e+001 4.805762e+001 4.569608e+001 5.524086e+001 3.764983e+001 4.066044e+001 4.100748e+001 4.520777e+001 7.793019e-001 2.659770e+000 2.799877e+000 2.838549e+000 3.635566e+000 2.932784e+000 2.980254e+000 4.839485e+000 2.676994e+000 2.980997e+000 2.812056e+000 3.586983e+000 1.473242e+000
<GCONST> 1.038259e+002
<STATE> 3
<MEAN> 25
 4.753086e+000 2.456770e+000 3.192800e-001 2.732728e+000 2.244305e+000 4.163617e+000 2.626139e+000 -1.775426e+000 -1.385638e+000 -8.793327e-001 -3.630971e+000 -2.999762e+000 -4.191695e-001 5.456145e-001 2.187968e-001 2.298880e-001 2.206813e-001 3.685240e-001 2.300770e-001 1.127377e-002 -2.569601e-002 2.138097e-002 -2.618980e-001 7.412545e-002 -7.079557e-001
<VARIANCE> 25
 1.536846e+001 3.280891e+001 3.537637e+001 3.751232e+001 1.007925e+002 6.861465e+001 6.177448e+001 4.178042e+001 2.780737e+001 3.846109e+001 3.129199e+001 3.315918e+001 4.862661e-001 1.539210e+000 2.260674e+000 1.807729e+000 2.427236e+000 1.905972e+000 2.295171e+000 2.791178e+000 1.886566e+000 2.008837e+000 2.286937e+000 2.265131e+000 7.631511e-001
<GCONST> 9.719166e+001
<STATE> 4
<MEAN> 25
 -1.041251e+000 2.334911e+000 -8.991630e-003 2.554108e+000 1.919222e+000 2.587786e+000 2.076329e+000 -2.243346e-001 5.216628e-001 5.151882e-001 -1.055830e+000 -8.851312e-001 -2.154886e-001 -1.295110e-002 6.164772e-003 6.271980e-002 4.698421e-002 -2.617908e-003 4.712066e-002 1.381607e-002 2.537573e-002 1.124443e-001 1.337774e-001 8.758546e-002 -1.830518e-001
<VARIANCE> 25
 1.810218e+001 1.551708e+001 2.105767e+001 2.302635e+001 2.013858e+001 2.396169e+001 3.475378e+001 2.973317e+001 2.483051e+001 2.685205e+001 2.841604e+001 2.139682e+001 2.810573e-001 5.301082e-001 6.735194e-001 7.669756e-001 8.711331e-001 1.127681e+000 1.407726e+000 1.454304e+000 1.418028e+000 1.338570e+000 1.282973e+000 1.071206e+000 2.322179e-001
<GCONST> 8.143411e+001
<TRANSP> 5
 0.000000e+000 1.000000e+000 0.000000e+000 0.000000e+000 0.000000e+000
 0.000000e+000 6.544417e-001 3.455583e-001 0.000000e+000 0.000000e+000
 0.000000e+000 0.000000e+000 6.189208e-001 3.810792e-001 0.000000e+000
 0.000000e+000 0.000000e+000 0.000000e+000 9.317115e-001 6.828849e-002
 0.000000e+000 0.000000e+000 0.000000e+000 0.000000e+000 0.000000e+000
<ENDHMM>
~h "o"
<BEGINHMM>
<NUMSTATES> 5
<STATE> 2
<MEAN> 25
 3.706733e+000 -2.418369e-001 2.479059e+000 -4.818847e+000 -7.229563e+000 -2.702507e+000 -4.618480e+000 5.576649e-001 1.758720e+000 -6.840458e-001 8.191404e-001 -1.300272e+000 1.594072e+000 4.009900e-002 3.234066e-002 -5.332580e-001 -1.330493e+000 -1.244987e+000 -1.075186e+000 5.661891e-001 1.100962e+000 -4.741782e-001 -2.598306e-001 1.279206e-001 1.476219e+000
<VARIANCE> 25
 3.430212e+001 3.505416e+001 4.037327e+001 7.492382e+001 1.066053e+002 7.400795e+001 6.750140e+001 5.821437e+001 1.356863e+002 4.152407e+001 4.744431e+001 2.467796e+001 2.826930e+000 3.933922e+000 3.089287e+000 6.784233e+000 6.236251e+000 7.873041e+000 4.715672e+000 4.240886e+000 1.054535e+001 3.005583e+000 2.825532e+000 2.101464e+000 2.937171e+000
<GCONST> 1.126611e+002
<STATE> 3
<MEAN> 25
 6.989038e+000 1.541530e+000 1.610446e+000 -4.849540e+000 -1.076945e+001 -8.294227e+000 -5.351384e+000 4.104966e+000 5.870563e+000 -1.418892e+000 -1.278466e+000 -7.000145e-002 -1.796037e-001 1.496467e-001 -3.944160e-001 -1.470738e-003 6.019481e-001 3.255513e-001 4.119314e-001 -2.590374e-002 -2.849489e-001 2.138324e-001 1.663037e-001 1.553824e-001 -3.986521e-001
<VARIANCE> 25
 1.061946e+001 2.587896e+001 2.469880e+001 4.762366e+001 6.099169e+001 7.551537e+001 3.541753e+001 3.934285e+001 1.515805e+002 5.352127e+001 3.891972e+001 1.570378e+001 3.719813e-001 1.448170e+000 8.958427e-001 1.251018e+000 2.094354e+000 2.025069e+000 1.744967e+000 2.362938e+000 3.259876e+000 2.069422e+000 1.580322e+000 1.005933e+000 9.080146e-001
<GCONST> 9.435718e+001
<STATE> 4
<MEAN> 25
 5.659837e+000 -1.257829e-001 -2.441449e+000 -8.601367e+000 -1.991951e+000 -1.771632e-001 -5.741535e+000 -2.940296e+000 -6.991636e-001 1.566607e+000 2.427617e+000 -1.145727e+000 -2.401825e-001 -1.090838e-001 -5.389551e-002 5.686197e-001 3.936368e-002 3.163707e-002 2.164501e-001 -3.186936e-002 -8.190323e-002 3.937635e-002 -4.113712e-002 1.166130e-002 -3.383299e-001
<VARIANCE> 25
 2.005174e+001 3.772627e+001 3.044127e+001 1.078465e+002 6.589630e+001 6.214106e+001 7.250742e+001 4.460245e+001 5.161512e+001 4.553453e+001 2.415514e+001 3.837125e+001 7.052209e-001 1.001183e+000 1.308742e+000 3.149871e+000 2.364169e+000 2.618497e+000 2.719797e+000 2.554873e+000 2.315015e+000 2.046381e+000 1.787467e+000 1.432075e+000 1.123571e+000
<GCONST> 9.910704e+001
<TRANSP> 5
 0.000000e+000 1.000000e+000 0.000000e+000 0.000000e+000 0.000000e+000
 0.000000e+000 7.153385e-001 2.846615e-001 0.000000e+000 0.000000e+000
 0.000000e+000 0.000000e+000 8.012359e-001 1.987641e-001 0.000000e+000
 0.000000e+000 0.000000e+000 0.000000e+000 8.427565e-001 1.572436e-001
 0.000000e+000 0.000000e+000 0.000000e+000 0.000000e+000 0.000000e+000
<ENDHMM>
~h "p"
<BEGINHMM>
<NUMSTATES> 5
<STATE> 2
<MEAN> 25
 -9.512797e-001 1.474990e+000 -7.437622e-001 -7.166088e-001 -7.728333e-001 8.039602e-001 1.635623e+000 4.659735e-001 8.392887e-001 3.116046e+000 2.203416e+000 7.823160e-001 -7.143903e-001 -2.621932e-001 -8.303609e-002 -1.149326e-001 1.625620e-002 2.317916e-001 1.337430e-001 -1.712363e-001 1.823909e-001 1.719465e-001 3.145748e-001 1.874237e-001 -4.198123e-001
<VARIANCE> 25
 3.330276e+001 3.835643e+001 3.464314e+001 3.177572e+001 3.910733e+001 3.837497e+001 3.573487e+001 3.429681e+001 5.492330e+001 3.710259e+001 3.285276e+001 2.352737e+001 1.674407e+000 4.203612e+000 3.202679e+000 2.044575e+000 2.217334e+000 3.024961e+000 2.549258e+000 2.976812e+000 4.893902e+000 4.740747e+000 3.164937e+000 2.571450e+000 3.414433e+000
<GCONST> 1.030273e+002
<STATE> 3
<MEAN> 25
 -2.405218e+000 2.669072e+000 -1.366325e+000 -4.685712e-001 5.730692e-001 1.475903e+000 1.235688e+000 4.158956e-002 1.277994e+000 3.092273e+000 1.308918e+000 1.427325e+000 -5.071814e-001 -1.019807e-001 -8.837465e-002 1.342074e-001 2.967432e-001 1.814465e-001 1.355892e-002 -1.462129e-001 9.757234e-002 1.693475e-001 -4.974071e-002 -3.895850e-002 -4.261358e-001
<VARIANCE> 25
 1.391569e+001 1.140687e+001 2.172039e+001 2.987458e+001 2.366613e+001 2.856445e+001 2.876245e+001 2.484066e+001 3.347336e+001 2.500249e+001 2.346186e+001 1.716262e+001 4.686707e-001 8.446329e-001 9.734542e-001 1.168645e+000 1.266860e+000 2.029019e+000 1.895845e+000 1.826306e+000 1.954452e+000 1.969673e+000 1.560886e+000 1.281379e+000 6.269715e-001
<GCONST> 8.626762e+001
<STATE> 4
<MEAN> 25
 -4.153443e+000 1.231418e+000 -5.820832e-001 1.677175e+000 1.753164e+000 2.360115e+000 2.263371e+000 3.364182e-001 2.259989e+000 3.172900e+000 9.333689e-001 6.115734e-001 -3.318601e-002 -2.879544e-002 1.860048e-002 -1.671022e-002 -1.415932e-002 -3.060701e-002 -4.974389e-002 -1.002756e-001 -1.027204e-001 -6.457397e-002 -1.440597e-002 -1.421650e-002 2.222206e-002
<VARIANCE> 25
 7.128208e+000 6.870815e+000 1.055584e+001 1.773324e+001 1.102344e+001 1.953729e+001 1.850984e+001 1.938889e+001 2.488807e+001 1.602172e+001 1.053442e+001 1.074448e+001 3.206387e-001 4.782240e-001 5.810046e-001 6.147223e-001 8.199118e-001 1.261354e+000 1.172255e+000 1.226252e+000 1.350250e+000 1.200196e+000 9.977936e-001 9.434680e-001 3.575551e-001
<GCONST> 7.392885e+001
<TRANSP> 5
 0.000000e+000 1.000000e+000 0.000000e+000 0.000000e+000 0.000000e+000
 0.000000e+000 5.957035e-001 4.042965e-001 0.000000e+000 0.000000e+000
 0.000000e+000 0.000000e+000 5.702819e-001 4.297181e-001 0.000000e+000
 0.000000e+000 0.000000e+000 0.000000e+000 9.290066e-001 7.099339e-002
 0.000000e+000 0.000000e+000 0.000000e+000 0.000000e+000 0.000000e+000
<ENDHMM>
~h "r"
<BEGINHMM>
<NUMSTATES> 5
<STATE> 2
<MEAN> 25
 6.296804e+000 -5.268463e+000 -8.909402e-001 -5.570790e+000 -4.167463e+000 1.767220e-001 -2.414573e+000 -2.190434e-001 -2.326074e+000 -2.009558e+000 1.281323e+000 1.914055e+000 -8.256637e-002 2.579732e-001 1.087623e-002 1.756894e-001 1.348329e-001 1.298891e-001 1.723489e-001 -3.338725e-001 -3.625622e-001 -1.577266e-001 5.677195e-002 3.358420e-001 -5.540972e-001
<VARIANCE> 25
 2.134101e+001 5.063702e+001 7.870485e+001 8.087842e+001 5.731733e+001 8.720453e+001 4.693290e+001 6.696107e+001 6.545652e+001 4.248457e+001 4.263424e+001 4.343417e+001 1.003854e+000 2.516363e+000 2.386703e+000 3.765448e+000 3.205334e+000 3.802781e+000 3.095915e+000 3.432104e+000 3.020110e+000 2.631823e+000 2.583441e+000 2.313234e+000 1.877046e+000
<GCONST> 1.061917e+002
<STATE> 3
<MEAN> 25
 4.718051e+000 -8.018420e-001 -3.793872e+000 -3.419706e+000 -1.901600e+000 1.056450e+000 -6.608008e-001 -2.652732e+000 -3.963194e+000 -2.186662e+000 1.186245e+000 3.400964e+000 -4.442516e-001 5.037645e-001 -1.425081e-001 5.611421e-001 3.391432e-001 -7.679874e-002 1.663406e-001 2.308385e-002 8.766024e-002 2.802674e-001 -1.573337e-001 -9.639473e-002 -9.619547e-001
<VARIANCE> 25
 2.550645e+001 2.702434e+001 6.174096e+001 6.000178e+001 7.115540e+001 7.601257e+001 4.205059e+001 3.603008e+001 4.683571e+001 3.250012e+001 3.740945e+001 3.480223e+001 6.971238e-001 1.600163e+000 2.044634e+000 2.109671e+000 2.277195e+000 2.950139e+000 2.876884e+000 2.420092e+000 2.795227e+000 2.643558e+000 2.452956e+000 1.917476e+000 1.364976e+000
<GCONST> 1.003943e+002
<STATE> 4
<MEAN> 25
 -1.372644e+000 1.635902e+000 -3.116452e+000 1.772444e+000 8.224237e-001 1.606120e+000 2.381516e+000 3.921118e-001 1.428664e+000 1.595846e+000 1.378268e+000 1.664681e+000 -2.776441e-001 1.184709e-001 1.086837e-001 1.784179e-001 1.292095e-001 8.413625e-002 1.371956e-001 8.101790e-002 1.534331e-001 1.729295e-001 2.338847e-002 -3.295187e-002 -3.694977e-001
<VARIANCE> 25
 2.496753e+001 1.201488e+001 2.605968e+001 5.055734e+001 2.255392e+001 2.265966e+001 2.984662e+001 2.526187e+001 3.366227e+001 2.706305e+001 2.334070e+001 1.541904e+001 3.255727e-001 5.214334e-001 7.635763e-001 9.577574e-001 1.053028e+000 1.242622e+000 1.532598e+000 1.586181e+000 1.510043e+000 1.634027e+000 1.392010e+000 1.272159e+000 4.778039e-001
<GCONST> 8.420339e+001
<TRANSP> 5
 0.000000e+000 1.000000e+000 0.000000e+000 0.000000e+000 0.000000e+000
 0.000000e+000 7.378106e-001 2.621894e-001 0.000000e+000 0.000000e+000
 0.000000e+000 0.000000e+000 6.447555e-001 3.552445e-001 0.000000e+000
 0.000000e+000 0.000000e+000 0.000000e+000 8.895356e-001 1.104644e-001
 0.000000e+000 0.000000e+000 0.000000e+000 0.000000e+000 0.000000e+000
<ENDHMM>
~h "s"
<BEGINHMM>
<NUMSTATES> 5
<STATE> 2
<MEAN> 25
 -3.877775e+000 1.672037e+000 -5.748938e-001 2.826251e-001 1.562120e+000 -4.289388e-001 4.731292e+000 4.650137e-001 1.282977e+000 1.117324e+000 1.149574e+000 -1.384698e-001 -6.554314e-001 -4.750840e-001 1.154124e+000 -5.112907e-001 -2.124639e-001 9.558894e-002 5.334874e-001 -1.295550e-002 8.911611e-002 1.065691e-001 4.141422e-001 -7.400287e-002 1.061479e+000
<VARIANCE> 25
 9.012119e+001 1.217812e+002 9.259958e+001 1.009195e+002 8.005999e+001 4.892721e+001 8.479351e+001 5.691203e+001 9.030666e+001 4.481495e+001 4.142386e+001 3.281660e+001 7.560402e+000 9.338079e+000 8.380885e+000 8.343982e+000 7.177268e+000 5.096953e+000 7.658428e+000 4.932081e+000 4.165107e+000 4.146403e+000 4.323402e+000 2.914712e+000 5.398045e+000
<GCONST> 1.194728e+002
<STATE> 3
<MEAN> 25
 -1.064138e+001 -1.219254e+001 1.910632e+001 -6.516976e+000 -8.070405e+000 3.656718e+000 5.020779e+000 -1.896598e+000 -5.267519e+000 4.582117e-002 5.500717e+000 3.010461e-003 -1.750070e-001 1.434285e-001 -5.405505e-001 4.901760e-002 7.293166e-001 -4.067652e-002 -1.301787e-001 1.114366e-001 5.227294e-001 9.303422e-003 -7.876607e-002 -2.651993e-002 9.776490e-002
<VARIANCE> 25
 7.367427e+001 1.259831e+002 1.418155e+002 4.567598e+001 1.092188e+002 8.767442e+001 5.445677e+001 6.074502e+001 5.555076e+001 5.634926e+001 3.224918e+001 3.094099e+001 6.362597e+000 3.877614e+000 6.290540e+000 3.885956e+000 3.318836e+000 2.897347e+000 2.991705e+000 2.815971e+000 2.483537e+000 2.589926e+000 2.435762e+000 1.870845e+000 1.320860e+000
<GCONST> 1.105372e+002
<STATE> 4
<MEAN> 25
 -1.354965e+001 1.824676e+000 3.523031e+000 -3.349122e+000 4.803222e+000 -6.515977e-001 6.016986e+000 2.607109e-002 9.336559e-001 3.137686e+000 2.327139e+000 1.035705e+000 6.403143e-001 -5.599862e-003 -2.474570e-001 1.337567e-001 -2.052884e-001 -2.002985e-001 -4.165291e-001 -3.021149e-001 -1.289027e-001 -2.987976e-001 -2.212256e-001 -6.742518e-003 -4.810247e-002
<VARIANCE> 25
 6.067304e+001 4.626885e+001 5.778766e+001 5.752352e+001 3.162353e+001 3.961593e+001 4.248964e+001 3.842408e+001 3.357394e+001 3.624559e+001 2.364080e+001 1.846346e+001 4.254004e+000 1.288268e+000 2.178314e+000 2.072379e+000 2.190073e+000 1.905424e+000 3.198305e+000 2.600677e+000 2.528083e+000 2.505188e+000 1.993589e+000 1.597169e+000 6.722469e-001
<GCONST> 9.907208e+001
<TRANSP> 5
 0.000000e+000 1.000000e+000 0.000000e+000 0.000000e+000 0.000000e+000
 0.000000e+000 8.489656e-001 1.510344e-001 0.000000e+000 0.000000e+000
 0.000000e+000 0.000000e+000 7.775016e-001 2.224984e-001 0.000000e+000
 0.000000e+000 0.000000e+000 0.000000e+000 8.872173e-001 1.127827e-001
 0.000000e+000 0.000000e+000 0.000000e+000 0.000000e+000 0.000000e+000
<ENDHMM>
~h "t"
<BEGINHMM>
<NUMSTATES> 5
<STATE> 2
<MEAN> 25
 -2.042342e+000 1.172159e+000 -1.326066e+000 2.510092e-001 1.179822e+000 -1.084577e+000 1.160331e+000 -3.409167e-001 3.133292e+000 8.839543e-001 -3.684784e-001 6.102521e-001 4.988267e-001 -9.766122e-001 5.141336e-001 -1.199496e+000 -5.708511e-002 -3.533031e-001 -6.579511e-001 -2.026386e-001 1.162287e-001 9.445781e-002 3.423334e-001 -3.658630e-001 2.481478e+000
<VARIANCE> 25
 2.741317e+001 3.758954e+001 2.670465e+001 6.252737e+001 4.175341e+001 4.421063e+001 6.152542e+001 4.564655e+001 5.669335e+001 4.104252e+001 3.093420e+001 3.320436e+001 4.706891e+000 5.298553e+000 3.639934e+000 1.155664e+001 5.448536e+000 4.905371e+000 1.039316e+001 6.285553e+000 6.801985e+000 5.227414e+000 4.326751e+000 4.636250e+000 1.473204e+001
<GCONST> 1.141337e+002
<STATE> 3
<MEAN> 25
 6.153738e-001 -7.968693e-001 7.848453e-001 -2.868243e+000 -5.974981e-001 -6.342891e-001 -1.874160e+000 -1.492444e-002 4.444200e-001 1.767612e+000 -4.558721e-001 -1.510584e+000 6.335690e-001 -2.271501e-001 -1.514357e-001 -6.037613e-001 -3.398854e-001 6.522350e-002 -4.438984e-001 1.086940e-001 -7.718525e-001 -1.262681e-001 -2.928724e-005 -1.019000e-001 5.581387e-001
<VARIANCE> 25
 2.908966e+001 4.811269e+001 3.862206e+001 7.740434e+001 4.187401e+001 4.650497e+001 5.387751e+001 5.247953e+001 5.019497e+001 5.403688e+001 3.617740e+001 2.921181e+001 3.502289e+000 2.689543e+000 3.090761e+000 4.439339e+000 3.143719e+000 5.559350e+000 6.163257e+000 4.989034e+000 7.364980e+000 5.638876e+000 3.341509e+000 2.581157e+000 3.970828e+000
<GCONST> 1.099922e+002
<STATE> 4
<MEAN> 25
 -3.100328e+000 2.040825e+000 -1.638951e+000 2.100423e+000 1.302702e+000 1.785245e+000 2.884119e+000 1.107177e+000 1.588826e+000 2.379393e+000 8.662705e-001 8.709639e-001 9.991914e-002 9.250428e-003 2.613255e-002 -4.367600e-002 -1.557277e-001 -1.716025e-001 -1.052494e-001 -1.342862e-001 -3.486054e-001 -1.424913e-001 2.779105e-002 4.982316e-002 1.242579e-001
<VARIANCE> 25
 1.996382e+001 1.884782e+001 1.900228e+001 5.933883e+001 2.040922e+001 2.941509e+001 4.125420e+001 3.051333e+001 4.110521e+001 2.830228e+001 2.399231e+001 1.646539e+001 8.745884e-001 1.119097e+000 1.251530e+000 1.549528e+000 1.328005e+000 2.746612e+000 2.481247e+000 2.433130e+000 3.116843e+000 2.520327e+000 1.734362e+000 1.271974e+000 1.440895e+000
<GCONST> 9.242905e+001
<TRANSP> 5
 0.000000e+000 1.000000e+000 0.000000e+000 0.000000e+000 0.000000e+000
 0.000000e+000 6.548612e-001 3.451389e-001 0.000000e+000 0.000000e+000
 0.000000e+000 0.000000e+000 3.013016e-001 6.986984e-001 0.000000e+000
 0.000000e+000 0.000000e+000 0.000000e+000 7.886047e-001 2.113952e-001
 0.000000e+000 0.000000e+000 0.000000e+000 0.000000e+000 0.000000e+000
<ENDHMM>
~h "u"
<BEGINHMM>
<NUMSTATES> 5
<STATE> 2
<MEAN> 25
 4.728468e+000 3.431500e+000 3.724756e+000 -1.940902e+000 -2.344709e+000 1.073002e-001 -6.857640e+000 -2.723293e+000 -3.959580e+000 -2.058395e+000 3.972377e-001 -8.289691e-001 8.400730e-001 8.231107e-001 1.529472e-001 -6.479940e-001 -8.231241e-001 -1.243198e-002 -1.113497e+000 -4.630848e-002 -6.000707e-001 -9.093107e-001 8.548638e-002 8.362693e-002 5.273721e-001
<VARIANCE> 25
 2.877664e+001 3.965913e+001 4.320241e+001 9.311617e+001 6.092254e+001 6.253471e+001 6.736340e+001 5.949095e+001 7.755023e+001 1.011707e+002 4.956145e+001 2.875705e+001 2.070584e+000 4.483762e+000 2.947164e+000 4.727649e+000 3.598228e+000 7.250151e+000 5.546398e+000 4.834757e+000 5.601560e+000 5.042260e+000 3.822961e+000 3.053504e+000 2.247925e+000
<GCONST> 1.120789e+002
<STATE> 3
<MEAN> 25
 7.241036e+000 6.540631e+000 3.532386e+000 -4.662381e+000 -6.183488e+000 -2.274917e-001 -8.931123e+000 -9.159048e-001 -5.083421e+000 -4.161048e+000 1.630107e+000 -3.848523e-001 2.073245e-002 1.025970e-001 -3.267358e-001 -1.366483e-001 -1.700897e-002 1.475451e-001 2.328904e-001 2.859498e-002 1.384735e-002 7.552662e-002 3.892646e-002 1.371354e-001 -2.242499e-001
<VARIANCE> 25
 1.114639e+001 3.309805e+001 4.908540e+001 8.634391e+001 4.199216e+001 9.278139e+001 4.647688e+001 7.084248e+001 1.134787e+002 7.872812e+001 5.614164e+001 3.258870e+001 4.101209e-001 1.389331e+000 1.237755e+000 2.376690e+000 2.819664e+000 3.127677e+000 2.439167e+000 2.398374e+000 2.475266e+000 2.937184e+000 2.524497e+000 1.872376e+000 5.489897e-001
<GCONST> 1.005833e+002
<STATE> 4
<MEAN> 25
 5.379292e+000 5.267177e+000 6.676110e-001 -4.714525e+000 -3.843517e+000 5.081263e-001 -6.026409e+000 -3.420680e+000 -5.449799e+000 -3.731844e+000 5.657458e-001 -4.599435e-001 -2.779366e-001 -1.881078e-001 -1.555755e-001 4.380793e-001 3.165033e-001 3.135675e-002 3.352173e-001 -3.250184e-002 2.322884e-001 2.206817e-001 -1.756575e-001 -3.697171e-002 -3.358572e-001
<VARIANCE> 25
 2.090529e+001 2.948592e+001 2.629242e+001 9.020583e+001 3.108356e+001 4.478205e+001 5.590562e+001 4.140799e+001 6.227031e+001 4.351618e+001 4.449870e+001 2.603914e+001 3.174753e-001 6.906854e-001 7.137738e-001 1.710419e+000 1.388131e+000 1.482786e+000 1.757651e+000 1.697294e+000 1.744590e+000 1.749146e+000 1.705707e+000 1.289855e+000 5.460390e-001
<GCONST> 9.188363e+001
<TRANSP> 5
 0.000000e+000 1.000000e+000 0.000000e+000 0.000000e+000 0.000000e+000
 0.000000e+000 7.273585e-001 2.726415e-001 0.000000e+000 0.000000e+000
 0.000000e+000 0.000000e+000 7.774842e-001 2.225159e-001 0.000000e+000
 0.000000e+000 0.000000e+000 0.000000e+000 8.893458e-001 1.106542e-001
 0.000000e+000 0.000000e+000 0.000000e+000 0.000000e+000 0.000000e+000
<ENDHMM>
~h "w"
<BEGINHMM>
<NUMSTATES> 5
<STATE> 2
<MEAN> 25
 6.965849e+000 1.821382e+000 -7.942697e-001 -5.224107e+000 -9.128436e+000 -5.280307e+000 -1.953632e-001 5.594683e+000 7.131300e+000 -5.540838e+000 -4.458569e+000 1.655180e+000 -8.033969e-002 -1.278321e-002 -2.920057e-001 -4.995166e-004 3.801975e-002 -8.691107e-002 3.862349e-001 6.554622e-001 1.134605e-001 -4.220868e-002 6.213455e-002 2.060373e-001 -1.609821e-001
<VARIANCE> 25
 7.965218e+000 8.884885e+001 3.131782e+001 3.330566e+001 3.805665e+001 7.597350e+001 3.491861e+001 2.747049e+001 8.227190e+001 1.372062e+001 2.218569e+001 1.646811e+001 5.399202e-001 3.883587e+000 2.869888e+000 9.981686e-001 2.637548e+000 3.437671e+000 2.232312e+000 3.991952e+000 3.509153e+000 1.771492e+000 1.464739e+000 1.637101e+000 9.134119e-001
<GCONST> 9.602032e+001
<STATE> 3
<MEAN> 25
 4.706949e+000 -2.795005e+000 -4.091716e+000 -4.322000e+000 -5.973750e+000 6.694258e-001 7.090504e+000 9.989707e+000 4.576039e+000 -3.161835e+000 2.409441e+000 4.538918e+000 -5.803071e-001 8.777649e-002 -3.500901e-001 1.847857e-001 6.915247e-001 5.640753e-001 1.598656e-001 -4.039872e-001 -4.995774e-001 9.489967e-001 7.359214e-001 -9.280168e-002 -6.844205e-001
<VARIANCE> 25
 2.927069e+001 3.638560e+001 5.835495e+001 2.910724e+001 3.196887e+001 1.010282e+002 2.952103e+001 3.928402e+001 5.511703e+001 3.654933e+001 4.152185e+001 1.874846e+001 5.813528e-001 1.651477e+000 1.069464e+000 1.109633e+000 1.739585e+000 4.075764e+000 2.304812e+000 3.192019e+000 3.459714e+000 2.200037e+000 2.801039e+000 1.495491e+000 6.421606e-001
<GCONST> 9.686076e+001
<STATE> 4
<MEAN> 25
 -4.930698e+000 1.168083e+000 -1.382836e+000 1.641210e+000 2.207383e+000 -8.259945e-002 4.695083e+000 3.248986e-001 9.599413e-002 4.044569e+000 2.849459e+000 1.075909e+000 -1.291211e-001 -1.170542e-002 -4.303076e-002 9.440535e-002 6.248954e-002 -1.142902e-001 -4.546478e-002 -5.485038e-002 -4.517867e-002 8.563843e-002 4.944228e-002 -3.825417e-003 -1.143712e-001
<VARIANCE> 25
 2.677566e+001 2.183799e+001 2.402706e+001 6.540473e+001 1.891262e+001 3.136593e+001 3.821863e+001 1.715118e+001 3.262497e+001 1.772400e+001 1.889236e+001 9.474503e+000 9.685173e-002 4.371182e-001 4.689050e-001 5.861208e-001 6.642820e-001 1.464556e+000 1.206977e+000 1.191616e+000 1.489039e+000 1.128670e+000 9.940250e-001 9.482062e-001 1.226446e-001
<GCONST> 7.833990e+001
<TRANSP> 5
 0.000000e+000 1.000000e+000 0.000000e+000 0.000000e+000 0.000000e+000
 0.000000e+000 8.738323e-001 1.261677e-001 0.000000e+000 0.000000e+000
 0.000000e+000 0.000000e+000 7.923746e-001 2.076255e-001 0.000000e+000
 0.000000e+000 0.000000e+000 0.000000e+000 9.383560e-001 6.164395e-002
 0.000000e+000 0.000000e+000 0.000000e+000 0.000000e+000 0.000000e+000
<ENDHMM>
~h "y"
<BEGINHMM>
<NUMSTATES> 5
<STATE> 2
<MEAN> 25
 5.723945e+000 -7.009667e+000 -1.271307e+000 9.974988e-001 2.550917e+000 -6.165304e+000 -6.811815e+000 -4.271080e+000 -2.527828e+000 -1.583167e+000 3.953097e+000 1.341640e+000 -3.433578e-001 1.179655e-001 1.101310e+000 1.207570e+000 3.847820e-001 -8.459111e-001 -9.879847e-001 1.707833e-001 -6.002810e-002 -4.408674e-001 -2.042303e-001 -7.476066e-001 -8.230770e-002
<VARIANCE> 25
 7.166426e+000 2.961411e+001 3.142078e+001 9.686020e+001 5.249530e+001 3.192531e+001 4.647314e+001 4.550986e+001 3.270044e+001 3.182648e+001 5.132067e+001 3.580906e+001 2.723778e-001 7.518885e-001 1.313168e+000 1.760325e+000 2.008180e+000 1.871285e+000 2.385728e+000 1.908133e+000 2.184071e+000 2.531164e+000 3.000102e+000 2.261922e+000 4.033330e-001
<GCONST> 9.367867e+001
<STATE> 3
<MEAN> 25
 3.949381e+000 -5.459297e+000 4.002768e+000 6.353623e+000 2.441433e+000 -9.952969e+000 -9.730313e+000 -4.055846e+000 -3.642715e+000 -3.907852e+000 8.774242e-001 -1.909150e+000 1.861683e-001 -9.532224e-002 -5.206124e-001 -6.980320e-001 -6.366931e-001 -4.993814e-003 4.966517e-001 6.704509e-002 -3.144614e-001 5.047669e-001 6.086549e-001 6.241295e-001 1.486347e-001
<VARIANCE> 25
 7.883871e+000 3.699294e+001 5.104048e+001 1.074395e+002 5.319364e+001 3.547733e+001 5.455416e+001 5.492279e+001 2.588586e+001 3.075043e+001 5.938743e+001 2.966185e+001 4.776222e-001 9.052911e-001 3.547156e+000 2.658564e+000 2.442573e+000 2.738340e+000 3.879851e+000 2.575710e+000 1.878291e+000 2.819334e+000 3.139561e+000 1.836573e+000 5.431011e-001
<GCONST> 9.834973e+001
<STATE> 4
<MEAN> 25
 2.949578e+000 -5.309021e+000 9.779276e+000 -1.023537e+001 -8.129754e+000 -6.009629e+000 -3.763165e+000 2.336775e+000 -4.588842e+000 -6.344927e-001 -9.641349e-001 -6.421331e-002 8.397173e-002 -2.211667e-002 -2.470277e-001 -6.492888e-002 5.093256e-002 1.475284e-001 5.645361e-002 2.290060e-002 1.443838e-001 -5.701632e-002 -2.072617e-001 -9.373164e-002 -1.061737e-001
<VARIANCE> 25
 1.263670e+001 5.724527e+001 1.011938e+002 3.140796e+001 5.822451e+001 2.724756e+001 3.959900e+001 7.570512e+001 3.701024e+001 2.781431e+001 5.843839e+001 2.034644e+001 4.043203e-001 2.326504e+000 2.476627e+000 1.249414e+000 3.870709e+000 1.763662e+000 2.637796e+000 4.116799e+000 1.968613e+000 1.912984e+000 2.839745e+000 1.236303e+000 7.752820e-001
<GCONST> 9.768906e+001
<TRANSP> 5
 0.000000e+000 1.000000e+000 0.000000e+000 0.000000e+000 0.000000e+000
 0.000000e+000 8.058862e-001 1.941138e-001 0.000000e+000 0.000000e+000
 0.000000e+000 0.000000e+000 8.689814e-001 1.310186e-001 0.000000e+000
 0.000000e+000 0.000000e+000 0.000000e+000 9.377443e-001 6.225577e-002
 0.000000e+000 0.000000e+000 0.000000e+000 0.000000e+000 0.000000e+000
<ENDHMM>
~h "z"
<BEGINHMM>
<NUMSTATES> 5
<STATE> 2
<MEAN> 25
 -5.820952e+000 -1.419347e+000 2.112244e+000 5.762730e+000 -7.185233e-001 -9.506992e-001 8.758682e+000 1.299139e+000 -1.748224e+000 4.651227e+000 -6.005281e-001 1.404455e+000 -3.663619e-002 1.704753e-001 1.011580e-001 2.779132e-001 2.784612e-002 -5.744236e-002 5.237387e-002 -6.516574e-002 -1.183444e-001 -1.107538e-001 5.676166e-002 -1.341929e-001 -1.497166e-001
<VARIANCE> 25
 3.361704e+000 8.964092e+000 3.266895e+001 2.760063e+001 1.130748e+001 1.338416e+001 3.981026e+001 1.920124e+001 2.692865e+001 3.952304e+001 2.716880e+001 1.417603e+001 1.577230e-001 3.911030e-001 8.800397e-001 8.568078e-001 1.124160e+000 1.189290e+000 1.643090e+000 2.216776e+000 2.313025e+000 2.986313e+000 2.252553e+000 1.136060e+000 9.188671e-002
<GCONST> 7.973922e+001
<STATE> 3
<MEAN> 25
 -3.875771e+000 5.125149e+000 3.687320e+000 5.295985e+000 5.532751e+000 2.498214e+000 -7.102568e-001 -5.488940e+000 -2.242353e+000 3.160310e-001 -2.003073e+000 -8.124490e-001 1.216151e-001 4.605203e-002 4.139790e-001 -2.169156e-001 5.124521e-001 -6.846986e-001 -2.210866e-001 -1.660131e-002 -1.068799e+000 6.848037e-001 3.864580e-002 1.050901e-001 2.244565e-001
<VARIANCE> 25
 2.792323e+000 5.236037e+000 3.443573e+001 2.508479e+001 1.688292e+001 2.682165e+001 2.093898e+001 3.370686e+001 2.702717e+001 2.711821e+001 8.350024e+000 2.370951e+001 3.913231e-001 6.202983e-001 5.568641e-001 1.279136e+000 6.145753e-001 8.870924e-001 2.471171e+000 4.557258e+000 1.796158e+000 1.150732e+000 9.188035e-001 1.854253e+000 1.620893e-001
<GCONST> 7.944973e+001
<STATE> 4
<MEAN> 25
 5.597814e+000 4.113323e+000 3.110626e+000 -5.063670e+000 -5.822533e+000 -1.824339e+000 -4.495310e+000 -2.697816e+000 -1.087853e+001 -4.269842e+000 4.189181e+000 -3.694307e+000 1.036699e-001 1.874530e-003 -1.226963e-003 -3.789222e-002 -1.534382e-001 1.973374e-002 -1.512608e-001 -1.374130e-002 -6.716007e-002 -3.221001e-001 4.101408e-002 2.076909e-002 4.011290e-002
<VARIANCE> 25
 2.589661e+001 3.566202e+001 8.629349e+000 7.771159e+001 4.885153e+001 3.009265e+001 9.539019e+001 2.541355e+001 1.033369e+002 4.672301e+001 1.706844e+001 3.075675e+001 6.509454e-001 7.321422e-001 6.123194e-001 2.018070e+000 1.057594e+000 2.587508e+000 4.801021e+000 1.209561e+000 2.042381e+000 1.749920e+000 1.469996e+000 1.177620e+000 1.691927e+000
<GCONST> 9.369981e+001
<TRANSP> 5
 0.000000e+000 1.000000e+000 0.000000e+000 0.000000e+000 0.000000e+000
 0.000000e+000 9.669826e-001 3.301742e-002 0.000000e+000 0.000000e+000
 0.000000e+000 0.000000e+000 8.580525e-001 1.419475e-001 0.000000e+000
 0.000000e+000 0.000000e+000 0.000000e+000 9.599311e-001 4.006895e-002
 0.000000e+000 0.000000e+000 0.000000e+000 0.000000e+000 0.000000e+000
<ENDHMM>
~h "ai"
<BEGINHMM>
<NUMSTATES> 5
<STATE> 2
<MEAN> 25
 6.576897e+000 -3.014735e+000 1.509474e+000 -3.435812e+000 -2.508816e+000 -1.755389e+000 -2.331143e+000 1.890818e+000 4.374119e+000 -2.391662e+000 -2.887786e+000 5.466323e-001 1.972883e-001 -9.865865e-001 -4.461695e-001 -6.351167e-001 7.033643e-001 -5.017146e-001 3.199226e-001 8.228684e-001 4.315999e-001 -3.215330e-001 4.317866e-001 1.171659e-001 1.021176e+000
<VARIANCE> 25
 2.416729e+001 1.088531e+002 6.002296e+001 8.682993e+001 9.527237e+001 8.140124e+001 9.264498e+001 8.132680e+001 1.286990e+002 9.905788e+001 7.009863e+001 4.084672e+001 1.483163e+000 4.507535e+000 4.667443e+000 6.053347e+000 8.192666e+000 5.681561e+000 5.560098e+000 6.731070e+000 4.835351e+000 5.644188e+000 5.886286e+000 3.602791e+000 1.436178e+000
<GCONST> 1.171038e+002
<STATE> 3
<MEAN> 25
 5.535202e+000 -9.830510e+000 1.872203e+000 -1.168400e+000 3.361414e+000 -6.418115e+000 -1.577125e+000 3.055335e+000 -9.704432e-001 -3.407743e+000 2.005531e+000 -2.158344e+000 -3.448410e-001 4.052860e-001 9.251342e-001 6.634580e-001 -1.825259e-001 -1.399619e-001 -2.382740e-001 -7.302357e-002 -4.225534e-001 2.132794e-001 4.437698e-002 -2.544106e-001 -4.647922e-001
<VARIANCE> 25
 9.070066e+000 2.552461e+001 9.061489e+001 1.902632e+002 9.460577e+001 3.627185e+001 5.040308e+001 3.224360e+001 4.507792e+001 2.919329e+001 5.824734e+001 2.852192e+001 3.312798e-001 8.245942e-001 1.479541e+000 1.625690e+000 2.905497e+000 2.223709e+000 2.401043e+000 1.918703e+000 2.565640e+000 1.926207e+000 2.266896e+000 1.536258e+000 3.028150e-001
<GCONST> 9.590264e+001
<STATE> 4
<MEAN> 25
 -1.160251e+000 3.605146e-001 8.902905e+000 1.038877e+000 -2.393995e+000 -1.401879e+000 -1.790529e+000 6.063496e-001 -4.006222e+000 1.331380e+000 1.842540e+000 -1.322800e+000 -2.985615e-001 4.993689e-001 -7.061776e-001 2.738123e-001 1.329936e-001 5.534745e-001 2.215561e-001 -2.144629e-001 2.896685e-001 8.646186e-002 -2.494927e-001 2.260608e-001 -1.036315e+000
<VARIANCE> 25
 1.229423e+001 3.516551e+001 1.313606e+002 1.383626e+002 1.169330e+002 4.246179e+001 6.677479e+001 4.057459e+001 6.848412e+001 4.026337e+001 4.382988e+001 2.550200e+001 4.392202e-001 1.825788e+000 4.098097e+000 4.722073e+000 2.510266e+000 2.076268e+000 2.596958e+000 2.597210e+000 2.728172e+000 2.883148e+000 2.388134e+000 1.722696e+000 3.108753e+000
<GCONST> 1.040926e+002
<TRANSP> 5
 0.000000e+000 1.000000e+000 0.000000e+000 0.000000e+000 0.000000e+000
 0.000000e+000 8.674363e-001 1.325637e-001 0.000000e+000 0.000000e+000
 0.000000e+000 0.000000e+000 9.185629e-001 8.143707e-002 0.000000e+000
 0.000000e+000 0.000000e+000 0.000000e+000 8.979299e-001 1.020701e-001
 0.000000e+000 0.000000e+000 0.000000e+000 0.000000e+000 0.000000e+000
<ENDHMM>
~h "au"
<BEGINHMM>
<NUMSTATES> 5
<STATE> 2
<MEAN> 25
 6.111172e+000 -3.118490e+000 -8.451465e+000 -5.377194e+000 -5.349110e+000 -4.193504e+000 4.024107e+000 7.204633e+000 -2.635727e+000 -8.024994e+000 -1.053450e+000 4.295427e+000 1.485806e-001 -3.755637e-001 -4.488971e-001 -9.419063e-002 -3.820274e-001 -3.434554e-001 6.253185e-001 1.081569e+000 1.825924e-001 -4.552786e-001 -8.476955e-003 1.184337e-001 1.451846e-001
<VARIANCE> 25
 8.397538e+000 1.417444e+001 1.773291e+001 1.527982e+001 2.105292e+001 3.311663e+001 2.486368e+001 3.321000e+001 8.613231e+000 3.018513e+001 1.533834e+001 5.189146e+000 1.104413e-001 8.075944e-001 9.581913e-001 4.857294e-001 5.257879e-001 6.383108e-001 1.782838e+000 1.633024e+000 9.738733e-001 1.092382e+000 1.558357e+000 6.322137e-001 1.372300e-001
<GCONST> 7.438514e+001
<STATE> 3
<MEAN> 25
 5.077230e+000 -7.257596e-002 -4.056579e+000 -5.780021e+000 -1.062821e+001 -9.127473e+000 3.032947e+000 1.033631e+001 9.452243e-001 -6.482123e+000 -2.568236e+000 8.705567e-001 -3.159212e-001 7.755950e-001 8.818483e-001 4.904297e-002 4.641463e-002 1.953939e-001 -6.845838e-001 -9.271051e-001 1.809737e-001 7.328997e-001 6.525878e-002 -4.061723e-001 -3.819514e-001
<VARIANCE> 25
 1.076408e+001 1.648574e+001 2.678297e+001 1.389194e+001 1.551857e+001 2.638935e+001 2.838766e+001 4.997772e+001 8.733521e+000 2.494483e+001 1.229013e+001 1.399950e+001 2.277003e-001 4.630429e-001 5.532477e-001 7.750143e-001 1.548019e+000 1.626779e+000 1.242703e+000 2.088429e+000 1.062383e+000 1.391810e+000 1.605213e+000 9.613315e-001 1.097214e-001
<GCONST> 7.824482e+001
<STATE> 4
<MEAN> 25
 8.840640e+000 3.666831e+000 1.528404e+000 -2.286791e+000 -5.890265e+000 -4.685378e+000 -3.502744e+000 7.651579e+000 6.723931e+000 -9.218852e+000 -1.098604e+000 5.825918e+000 -5.785099e-002 2.151085e-001 1.516158e-001 4.105172e-001 2.220660e-002 -1.817786e-001 2.255918e-001 -8.486589e-002 2.080186e-001 9.555704e-002 1.339981e-002 -8.977421e-002 -2.747234e-001
<VARIANCE> 25
 2.751975e+001 1.184474e+002 7.120087e+001 5.987691e+001 3.309722e+001 4.188332e+001 4.143205e+001 3.196430e+001 1.032470e+002 7.182200e+001 3.721340e+001 2.314529e+001 1.364014e+000 3.705674e+000 2.218433e+000 2.598229e+000 3.426225e+000 2.949828e+000 2.658652e+000 2.134061e+000 3.824509e+000 4.457476e+000 1.939597e+000 1.330841e+000 1.807284e+000
<GCONST> 1.042840e+002
<TRANSP> 5
 0.000000e+000 1.000000e+000 0.000000e+000 0.000000e+000 0.000000e+000
 0.000000e+000 8.717381e-001 1.282619e-001 0.000000e+000 0.000000e+000
 0.000000e+000 0.000000e+000 8.796968e-001 1.203032e-001 0.000000e+000
 0.000000e+000 0.000000e+000 0.000000e+000 9.098290e-001 9.017111e-002
 0.000000e+000 0.000000e+000 0.000000e+000 0.000000e+000 0.000000e+000
<ENDHMM>
~h "ng"
<BEGINHMM>
<NUMSTATES> 5
<STATE> 2
<MEAN> 25
 5.465545e+000 -3.032993e+000 -5.463380e-001 -2.201551e+000 1.875475e+000 4.869753e-001 1.731280e+000 1.383354e+000 2.936123e+000 -2.334866e+000 -1.080365e+000 -2.280785e+000 -2.076005e-001 7.996624e-001 2.562759e-001 6.038626e-001 5.940081e-001 4.736900e-001 -1.996779e-001 -2.041347e-001 -3.803164e-001 3.647111e-001 -1.555276e-001 -4.273593e-001 -7.283444e-001
<VARIANCE> 25
 1.951213e+001 5.354765e+001 2.101355e+001 1.209182e+002 6.234966e+001 2.785222e+001 4.776368e+001 6.010756e+001 3.836635e+001 3.199855e+001 2.424283e+001 2.200689e+001 3.610021e-001 1.823537e+000 1.320939e+000 1.942328e+000 3.810158e+000 2.080272e+000 2.262909e+000 1.992727e+000 2.351258e+000 1.791021e+000 2.034849e+000 1.812324e+000 8.497903e-001
<GCONST> 9.623370e+001
<STATE> 3
<MEAN> 25
 3.331405e+000 1.862135e+000 6.475341e-001 2.204891e+000 3.613091e+000 2.076159e+000 1.983814e+000 1.178846e+000 1.322942e+000 -7.031451e-001 -1.439367e+000 -3.059975e+000 -4.348772e-001 7.873667e-001 4.401237e-001 5.698344e-001 1.433814e-001 4.579288e-001 5.567827e-002 -2.754553e-001 -2.256878e-001 2.741813e-001 1.233293e-001 3.191259e-002 -7.284223e-001
<VARIANCE> 25
 1.805668e+001 5.281970e+001 2.238867e+001 9.168950e+001 6.350287e+001 3.404793e+001 5.150641e+001 4.778495e+001 2.581799e+001 3.070043e+001 2.895084e+001 3.622444e+001 4.421395e-001 1.097343e+000 1.348829e+000 1.872647e+000 2.936932e+000 2.115881e+000 2.635877e+000 2.101742e+000 1.535384e+000 1.425310e+000 1.412855e+000 2.180905e+000 7.653654e-001
<GCONST> 9.493553e+001
<STATE> 4
<MEAN> 25
 -1.883122e+000 5.015150e+000 1.152797e-001 4.047578e+000 4.036680e+000 3.267980e+000 3.391720e+000 9.923649e-001 4.019031e-001 2.753827e+000 -3.472645e-001 -1.533479e-001 -4.005794e-001 -1.032022e-001 -9.029416e-002 -1.273499e-001 -8.266664e-002 -1.458891e-001 -1.015251e-001 -1.730200e-001 -1.160150e-001 2.054494e-001 5.296713e-002 1.934525e-001 -2.974425e-001
<VARIANCE> 25
 2.083343e+001 2.705089e+001 2.447251e+001 4.189355e+001 3.879072e+001 2.497798e+001 3.945074e+001 3.354647e+001 2.881773e+001 3.535162e+001 2.098053e+001 2.711304e+001 2.960221e-001 6.836310e-001 8.428491e-001 1.170768e+000 1.279107e+000 1.435161e+000 1.752399e+000 1.702821e+000 1.374399e+000 1.621109e+000 1.338427e+000 1.252501e+000 2.947202e-001
<GCONST> 8.673377e+001
<TRANSP> 5
 0.000000e+000 1.000000e+000 0.000000e+000 0.000000e+000 0.000000e+000
 0.000000e+000 6.685999e-001 3.314001e-001 0.000000e+000 0.000000e+000
 0.000000e+000 0.000000e+000 5.824441e-001 4.175560e-001 0.000000e+000
 0.000000e+000 0.000000e+000 0.000000e+000 8.908576e-001 1.091423e-001
 0.000000e+000 0.000000e+000 0.000000e+000 0.000000e+000 0.000000e+000
<ENDHMM>
~h "ny"
<BEGINHMM>
<NUMSTATES> 5
<STATE> 2
<MEAN> 25
 -2.982147e+000 -4.081780e-001 1.850261e+000 2.138462e+000 8.039834e-001 -5.144277e-001 -2.605889e-003 -2.551393e+000 1.856165e+000 1.626817e+000 2.407736e+000 -2.458520e-001 -2.054822e-001 5.394095e-001 1.490889e-001 7.212621e-002 -9.159279e-001 4.139753e-001 4.976994e-001 -1.059226e+000 -6.704494e-002 8.327156e-001 8.740171e-001 -1.083595e-001 -3.685847e-001
<VARIANCE> 25
 5.097158e+001 2.476960e+001 3.695048e+001 4.252753e+001 4.186892e+001 2.926318e+001 7.989773e+001 1.951318e+001 2.424284e+001 3.314863e+001 1.947783e+001 2.232199e+001 1.364324e+000 1.521425e+000 1.303863e+000 2.596565e+000 1.555548e+000 2.152065e+000 4.943659e+000 9.239417e-001 1.522907e+000 2.897418e+000 3.655644e+000 2.042418e+000 1.400430e+000
<GCONST> 9.618294e+001
<STATE> 3
<MEAN> 25
 5.414276e-001 8.273010e-001 -2.473354e+000 4.433015e-001 -1.913834e-001 -2.345841e+000 3.988179e+000 -3.021312e+000 -2.276548e+000 4.593657e-001 3.089774e+000 -5.927382e-001 1.737730e-001 3.280041e-001 -4.613274e-002 2.494780e-002 -3.478790e-001 2.116265e-001 6.400526e-001 -2.585427e-002 1.977106e-003 -3.173831e-001 -3.285487e-001 -3.677427e-001 -4.658813e-001
<VARIANCE> 25
 3.896354e+001 1.967698e+001 1.491912e+001 4.196228e+001 3.403393e+001 2.608788e+001 4.359035e+001 1.431229e+001 2.889510e+001 1.741013e+001 1.112872e+001 1.451259e+001 2.455910e-001 4.125649e-001 8.598197e-001 1.304367e+000 9.207354e-001 1.454967e+000 1.761188e+000 1.580067e+000 1.021309e+000 1.696985e+000 1.803991e+000 8.776387e-001 2.639990e-001
<GCONST> 8.237717e+001
<STATE> 4
<MEAN> 25
 -2.992121e+000 2.674433e+000 -6.136643e-001 3.419493e+000 1.193409e+000 2.070259e+000 2.624357e+000 9.078877e-001 2.681115e+000 5.973522e-001 1.282422e+000 6.631933e-001 -2.132001e-002 2.847079e-002 -1.582056e-002 2.234984e-001 1.602912e-001 5.572923e-002 6.590615e-002 1.308742e-001 -3.551668e-002 1.939376e-002 -6.469285e-002 -2.535323e-002 -1.262290e-001
<VARIANCE> 25
 7.282048e+000 7.446131e+000 2.290775e+001 3.610229e+001 1.782700e+001 1.447067e+001 5.439693e+001 1.764304e+001 1.386134e+001 1.777398e+001 9.738380e+000 1.367886e+001 1.599591e-001 2.595767e-001 4.890742e-001 6.757144e-001 6.649663e-001 7.505115e-001 1.155752e+000 8.676544e-001 1.354908e+000 1.229609e+000 8.174116e-001 1.025788e+000 1.182380e-001
<GCONST> 7.269434e+001
<TRANSP> 5
 0.000000e+000 1.000000e+000 0.000000e+000 0.000000e+000 0.000000e+000
 0.000000e+000 4.071367e-001 5.928633e-001 0.000000e+000 0.000000e+000
 0.000000e+000 0.000000e+000 7.486193e-001 2.513808e-001 0.000000e+000
 0.000000e+000 0.000000e+000 0.000000e+000 9.659495e-001 3.405055e-002
 0.000000e+000 0.000000e+000 0.000000e+000 0.000000e+000 0.000000e+000
<ENDHMM>
~h "oi"
<BEGINHMM>
<NUMSTATES> 5
<STATE> 2
<MEAN> 25
 -2.101091e+000 6.095093e-001 5.169339e+000 -3.859341e+000 -4.729179e+000 5.509574e+000 2.468484e+000 -6.001369e+000 4.366273e-001 8.646558e+000 5.844601e-001 -6.553459e-001 -5.073004e-001 -2.735358e-002 -9.978242e-001 7.585769e-001 7.217882e-001 5.866866e-002 1.293418e+000 8.872874e-001 5.568749e-001 -1.759137e-001 -2.069298e-001 1.044953e-001 -7.482221e-001
<VARIANCE> 25
 1.027302e+001 5.557159e+000 4.614407e+001 4.933443e+001 2.157788e+001 1.250663e+001 3.391838e+001 1.766246e+001 3.378363e+001 2.917682e+001 1.452132e+001 6.806269e+000 5.112090e-001 5.683911e-001 7.723735e-001 8.846353e-001 2.087100e+000 1.148581e+000 9.577005e-001 1.203021e+000 2.565282e+000 1.902224e+000 1.912021e+000 7.616444e-001 2.015064e-001
<GCONST> 8.096024e+001
<STATE> 3
<MEAN> 25
 -1.055852e+001 4.871960e+000 -6.247151e+000 -1.801282e+000 3.455507e+000 -4.208519e+000 -4.973911e+000 -6.755080e+000 -7.914094e+000 4.622189e+000 -3.990803e+000 -2.466656e-001 -6.136895e-002 5.729744e-002 4.089625e-004 -5.121017e-002 -1.348465e-002 -1.062476e-001 3.024564e-002 -2.623889e-002 -1.192244e-001 -2.647044e-002 -3.714548e-002 4.574427e-002 -5.508696e-002
<VARIANCE> 25
 3.108023e+000 2.044272e+000 3.079750e+000 5.693406e+000 6.353126e+000 7.193886e+000 1.521766e+001 1.047982e+001 6.669551e+000 6.802402e+000 7.072970e+000 5.954295e+000 1.000491e-001 1.891226e-001 3.119461e-001 4.696439e-001 6.513212e-001 6.519188e-001 8.042364e-001 1.459311e+000 5.106121e-001 4.946809e-001 6.081166e-001 5.833760e-001 2.476391e-002
<GCONST> 5.441411e+001
<STATE> 4
<MEAN> 25
 -2.685829e+000 3.805168e+000 -7.369474e+000 9.371733e+000 2.785015e-001 1.559825e+000 5.129683e+000 1.350515e+000 6.884467e-001 -2.296814e+000 -1.179100e+000 4.307919e+000 5.903956e-003 7.915885e-003 -2.468452e-002 6.413050e-002 1.470181e-002 2.207110e-003 3.572845e-002 4.521499e-002 -3.637271e-002 1.096618e-003 -4.495339e-002 1.163274e-002 -1.687182e-002
<VARIANCE> 25
 2.314767e+000 3.775722e+000 9.903522e+000 1.424400e+001 1.158554e+001 1.662131e+001 2.091712e+001 2.040926e+001 1.393154e+001 2.535929e+001 1.300925e+001 1.527752e+001 1.813392e-001 3.553984e-001 5.902222e-001 1.044520e+000 1.385405e+000 1.775120e+000 2.377735e+000 2.543502e+000 1.217686e+000 2.032766e+000 1.372673e+000 1.749524e+000 5.691513e-002
<GCONST> 7.393061e+001
<TRANSP> 5
 0.000000e+000 1.000000e+000 0.000000e+000 0.000000e+000 0.000000e+000
 0.000000e+000 8.193688e-001 1.806313e-001 0.000000e+000 0.000000e+000
 0.000000e+000 0.000000e+000 9.419689e-001 5.803116e-002 0.000000e+000
 0.000000e+000 0.000000e+000 0.000000e+000 9.791018e-001 2.089819e-002
 0.000000e+000 0.000000e+000 0.000000e+000 0.000000e+000 0.000000e+000
<ENDHMM>
~h "sy"
<BEGINHMM>
<NUMSTATES> 5
<STATE> 2
<MEAN> 25
 -1.028252e+000 -9.992757e+000 9.667335e+000 2.909620e+000 1.411225e+000 8.779957e-001 6.172641e+000 6.486688e+000 2.160489e-002 -3.566094e+000 5.653410e+000 5.352574e-001 -1.711853e+000 -1.659572e+000 1.400665e+000 2.173803e-003 1.050486e-001 2.196850e-001 -1.589203e-001 -1.886672e-002 4.367546e-001 -1.791596e-002 2.113776e-001 9.270520e-001 3.257321e-001
<VARIANCE> 25
 6.812307e+001 6.135835e+001 2.239592e+002 4.089788e+001 1.884460e+001 1.633846e+001 4.357506e+001 4.905602e+001 2.381141e+001 1.009777e+001 5.036773e+001 1.742758e+001 3.299325e+000 3.057672e+000 1.121952e+001 8.029029e-001 1.370484e+000 2.141896e+000 2.095676e+000 1.810256e+000 1.374861e+000 1.348902e+000 4.176466e+000 1.992475e+000 3.246138e-001
<GCONST> 9.759566e+001
<STATE> 3
<MEAN> 25
 -5.156381e+000 -7.316530e+000 7.892590e+000 1.154793e+000 1.784360e+000 -1.289215e+000 1.456772e+000 -2.490048e-001 1.101307e+000 -4.103711e+000 6.024346e+000 3.416804e+000 1.199889e+000 3.028246e-001 -1.022621e+000 -2.288502e-001 -8.047918e-001 -6.464341e-001 -2.436510e-001 -2.190765e-001 -1.846445e-001 7.390647e-002 3.316920e-001 -1.768385e-002 2.666382e-001
<VARIANCE> 25
 8.646062e+001 5.203401e+001 1.029468e+002 5.278736e+001 5.513143e+001 4.880796e+001 2.779034e+001 3.515744e+001 5.680835e+001 1.025399e+001 8.560855e+000 7.649369e+000 4.442760e+000 3.098620e+000 4.067080e+000 1.339337e+000 3.679419e+000 3.566369e+000 3.864616e+000 3.516752e+000 1.955194e+000 1.029119e+000 1.100916e+000 1.308967e+000 3.196729e-001
<GCONST> 9.771546e+001
<STATE> 4
<MEAN> 25
 4.173397e+000 -8.875841e+000 -5.327530e+000 2.131435e+000 -1.115997e+000 -4.942934e+000 1.770069e+000 3.977397e+000 -2.232645e+000 -1.695338e+000 3.743527e+000 -3.847274e-001 -1.107720e-001 1.707917e-002 6.998924e-002 1.475432e-001 2.755464e-001 9.380691e-002 4.233842e-003 5.547499e-002 3.624724e-003 -7.406393e-003 -1.847143e-001 -7.667426e-002 -1.056580e-001
<VARIANCE> 25
 3.363647e+001 2.664011e+001 4.524576e+001 8.709297e+001 5.061524e+001 3.348625e+001 3.118518e+001 3.907767e+001 2.440388e+001 3.286881e+001 2.247703e+001 1.455807e+001 6.297064e-001 1.738066e+000 1.634895e+000 1.946120e+000 1.571894e+000 1.239804e+000 1.747828e+000 2.723279e+000 1.499868e+000 1.642158e+000 1.778819e+000 1.311701e+000 1.529013e-001
<GCONST> 9.138866e+001
<TRANSP> 5
 0.000000e+000 1.000000e+000 0.000000e+000 0.000000e+000 0.000000e+000
 0.000000e+000 7.601731e-001 2.398269e-001 0.000000e+000 0.000000e+000
 0.000000e+000 0.000000e+000 8.776202e-001 1.223798e-001 0.000000e+000
 0.000000e+000 0.000000e+000 0.000000e+000 9.565440e-001 4.345592e-002
 0.000000e+000 0.000000e+000 0.000000e+000 0.000000e+000 0.000000e+000
<ENDHMM>
~h "sil"
<BEGINHMM>
<NUMSTATES> 5
<STATE> 2
<MEAN> 25
 -7.421868e+000 5.451428e+000 -5.340207e+000 -2.719147e+000 7.013537e-001 -2.977074e+000 -4.208900e+000 -3.949361e+000 -5.622817e+000 4.561314e+000 -2.820426e+000 1.641973e-001 1.403082e-001 -5.953453e-002 -4.344324e-003 -1.918253e-002 -2.047086e-002 9.204581e-002 -4.073692e-002 -3.003492e-002 1.057909e-001 -7.828621e-003 1.343516e-002 5.752556e-002 1.328834e-001
<VARIANCE> 25
 2.874492e+001 2.074167e+001 1.391667e+001 3.849168e+001 2.834540e+001 3.641768e+001 2.308146e+001 3.278753e+001 2.445085e+001 1.587923e+001 1.881543e+001 1.050792e+001 3.147584e-001 2.319445e-001 4.623812e-001 5.994312e-001 6.960431e-001 1.000306e+000 1.055680e+000 9.503788e-001 1.047209e+000 1.067994e+000 9.682570e-001 8.479366e-001 2.285799e-001
<GCONST> 7.761788e+001
<STATE> 3
<MEAN> 25
 -1.461800e+000 -3.449667e-001 5.697760e-001 -2.630920e+000 -5.902181e-001 3.325422e-001 -2.119979e+000 3.723735e-001 -1.724468e+000 5.387933e-001 -1.099794e+000 1.012762e+000 -3.188848e-001 -1.911234e-001 2.391129e-001 -2.242380e-001 2.874334e-001 -5.912760e-002 2.278269e-001 -5.693158e-002 4.750856e-001 -1.639442e-001 3.570834e-001 -2.275966e-003 1.407370e+000
<VARIANCE> 25
 4.820892e+001 4.724838e+001 4.925215e+001 8.522945e+001 6.237257e+001 3.671220e+001 8.489126e+001 4.462279e+001 4.578605e+001 5.987691e+001 4.939541e+001 3.172088e+001 2.091522e+000 3.670576e+000 3.360756e+000 5.485765e+000 4.047114e+000 3.793212e+000 4.581799e+000 2.542355e+000 3.239769e+000 3.492196e+000 3.201349e+000 2.227361e+000 2.936894e+001
<GCONST> 1.111785e+002
<STATE> 4
<MEAN> 25
 -4.216468e+000 2.060183e+000 -1.393404e+000 5.097601e+000 2.064795e+000 3.342647e+000 4.168882e+000 1.306055e+000 2.949608e+000 1.717571e+000 1.299274e+000 1.417827e+000 -2.823544e-002 6.573663e-003 5.096880e-003 6.937836e-003 -7.057055e-003 1.800142e-002 8.996737e-003 -4.932571e-003 2.025232e-002 -1.598175e-003 1.515050e-002 3.309656e-003 -3.442713e-002
<VARIANCE> 25
 4.045641e+000 8.815524e+000 1.180861e+001 3.341385e+001 1.226003e+001 2.142265e+001 1.630935e+001 1.570922e+001 2.193172e+001 2.670737e+001 1.445114e+001 1.289375e+001 1.681503e-001 3.317658e-001 4.682495e-001 6.666635e-001 9.132780e-001 1.094392e+000 1.276074e+000 1.241056e+000 1.350633e+000 1.442341e+000 1.218451e+000 1.017803e+000 2.094340e-001
<GCONST> 7.394356e+001
<TRANSP> 5
 0.000000e+000 1.000000e+000 0.000000e+000 0.000000e+000 0.000000e+000
 0.000000e+000 9.049784e-001 9.502157e-002 0.000000e+000 0.000000e+000
 0.000000e+000 0.000000e+000 7.941652e-001 2.058348e-001 0.000000e+000
 0.000000e+000 0.000000e+000 0.000000e+000 9.780983e-001 2.190174e-002
 0.000000e+000 0.000000e+000 0.000000e+000 0.000000e+000 0.000000e+000
<ENDHMM>
~h "sp"
<BEGINHMM>
<NUMSTATES> 3
<STATE> 2
<MEAN> 25
 -1.461800e+000 -3.449667e-001 5.697760e-001 -2.630920e+000 -5.902181e-001 3.325422e-001 -2.119979e+000 3.723735e-001 -1.724468e+000 5.387933e-001 -1.099794e+000 1.012762e+000 -3.188848e-001 -1.911234e-001 2.391129e-001 -2.242380e-001 2.874334e-001 -5.912760e-002 2.278269e-001 -5.693158e-002 4.750856e-001 -1.639442e-001 3.570834e-001 -2.275966e-003 1.407370e+000
<VARIANCE> 25
 4.820892e+001 4.724838e+001 4.925215e+001 8.522945e+001 6.237257e+001 3.671220e+001 8.489126e+001 4.462279e+001 4.578605e+001 5.987691e+001 4.939541e+001 3.172088e+001 2.091522e+000 3.670576e+000 3.360756e+000 5.485765e+000 4.047114e+000 3.793212e+000 4.581799e+000 2.542355e+000 3.239769e+000 3.492196e+000 3.201349e+000 2.227361e+000 2.936894e+001
<GCONST> 1.111785e+002
<TRANSP> 3
 0.0 1.0 0.0
 0.0 0.9 0.1
 0.0 0.0 0.0
<ENDHMM>
