~o
<STREAMINFO> 1 39
<VECSIZE> 39<NULLD><MFCC_D_A_0><DIAGC>
~h "proto"
<BEGINHMM>
<NUMSTATES> 5
<STATE> 2
<MEAN> 39
 -7.683789e+000 -4.130048e+000 -5.009857e-001 -2.077473e+000 -1.315602e+000 -1.926609e+000 -1.695434e+000 -1.398484e+000 2.105166e+000 -4.056343e+000 1.757920e+000 -1.163552e+000 6.428929e+001 -1.420885e-003 -4.159432e-003 2.885503e-003 -3.371050e-003 1.861067e-003 6.800673e-004 -6.284463e-004 -2.928789e-003 7.931115e-003 -3.930187e-003 4.606651e-003 4.781970e-004 1.776792e-002 -6.280516e-004 -1.167329e-004 1.357191e-004 -1.790055e-004 -2.431578e-004 -1.493646e-004 -4.548383e-004 -1.252300e-004 3.538975e-004 -5.019485e-004 2.408698e-004 1.042183e-004 6.329179e-005
<VARIANCE> 39
 7.510030e+001 5.969764e+001 7.136221e+001 1.370277e+002 1.336793e+002 1.603885e+002 1.285317e+002 1.030453e+002 1.001625e+002 5.742992e+001 6.517492e+001 4.272442e+001 2.400850e+002 1.131233e+000 1.684988e+000 1.756823e+000 2.419261e+000 2.217220e+000 2.289905e+000 2.574711e+000 2.394419e+000 2.353169e+000 2.204960e+000 1.999490e+000 1.649467e+000 2.134210e+000 1.480768e-001 2.429409e-001 2.504202e-001 3.485964e-001 3.559331e-001 3.852010e-001 4.378949e-001 4.116856e-001 3.982872e-001 3.847734e-001 3.486119e-001 2.933264e-001 2.462448e-001
<GCONST> 1.249204e+002
<STATE> 3
<MEAN> 39
 -7.683789e+000 -4.130048e+000 -5.009857e-001 -2.077473e+000 -1.315602e+000 -1.926609e+000 -1.695434e+000 -1.398484e+000 2.105166e+000 -4.056343e+000 1.757920e+000 -1.163552e+000 6.428929e+001 -1.420885e-003 -4.159432e-003 2.885503e-003 -3.371050e-003 1.861067e-003 6.800673e-004 -6.284463e-004 -2.928789e-003 7.931115e-003 -3.930187e-003 4.606651e-003 4.781970e-004 1.776792e-002 -6.280516e-004 -1.167329e-004 1.357191e-004 -1.790055e-004 -2.431578e-004 -1.493646e-004 -4.548383e-004 -1.252300e-004 3.538975e-004 -5.019485e-004 2.408698e-004 1.042183e-004 6.329179e-005
<VARIANCE> 39
 7.510030e+001 5.969764e+001 7.136221e+001 1.370277e+002 1.336793e+002 1.603885e+002 1.285317e+002 1.030453e+002 1.001625e+002 5.742992e+001 6.517492e+001 4.272442e+001 2.400850e+002 1.131233e+000 1.684988e+000 1.756823e+000 2.419261e+000 2.217220e+000 2.289905e+000 2.574711e+000 2.394419e+000 2.353169e+000 2.204960e+000 1.999490e+000 1.649467e+000 2.134210e+000 1.480768e-001 2.429409e-001 2.504202e-001 3.485964e-001 3.559331e-001 3.852010e-001 4.378949e-001 4.116856e-001 3.982872e-001 3.847734e-001 3.486119e-001 2.933264e-001 2.462448e-001
<GCONST> 1.249204e+002
<STATE> 4
<MEAN> 39
 -7.683789e+000 -4.130048e+000 -5.009857e-001 -2.077473e+000 -1.315602e+000 -1.926609e+000 -1.695434e+000 -1.398484e+000 2.105166e+000 -4.056343e+000 1.757920e+000 -1.163552e+000 6.428929e+001 -1.420885e-003 -4.159432e-003 2.885503e-003 -3.371050e-003 1.861067e-003 6.800673e-004 -6.284463e-004 -2.928789e-003 7.931115e-003 -3.930187e-003 4.606651e-003 4.781970e-004 1.776792e-002 -6.280516e-004 -1.167329e-004 1.357191e-004 -1.790055e-004 -2.431578e-004 -1.493646e-004 -4.548383e-004 -1.252300e-004 3.538975e-004 -5.019485e-004 2.408698e-004 1.042183e-004 6.329179e-005
<VARIANCE> 39
 7.510030e+001 5.969764e+001 7.136221e+001 1.370277e+002 1.336793e+002 1.603885e+002 1.285317e+002 1.030453e+002 1.001625e+002 5.742992e+001 6.517492e+001 4.272442e+001 2.400850e+002 1.131233e+000 1.684988e+000 1.756823e+000 2.419261e+000 2.217220e+000 2.289905e+000 2.574711e+000 2.394419e+000 2.353169e+000 2.204960e+000 1.999490e+000 1.649467e+000 2.134210e+000 1.480768e-001 2.429409e-001 2.504202e-001 3.485964e-001 3.559331e-001 3.852010e-001 4.378949e-001 4.116856e-001 3.982872e-001 3.847734e-001 3.486119e-001 2.933264e-001 2.462448e-001
<GCONST> 1.249204e+002
<TRANSP> 5
 0.000000e+000 1.000000e+000 0.000000e+000 0.000000e+000 0.000000e+000
 0.000000e+000 6.000000e-001 4.000000e-001 0.000000e+000 0.000000e+000
 0.000000e+000 0.000000e+000 6.000000e-001 4.000000e-001 0.000000e+000
 0.000000e+000 0.000000e+000 0.000000e+000 7.000000e-001 3.000000e-001
 0.000000e+000 0.000000e+000 0.000000e+000 0.000000e+000 0.000000e+000
<ENDHMM>
