~o
<STREAMINFO> 1 25
<VECSIZE> 25<NULLD><MFCC_D_N_Z_0><DIAGC>
~h "a"
<BEGINHMM>
<NUMSTATES> 5
<STATE> 2
<MEAN> 25
 3.176380e+000 -3.585225e+000 -3.113829e+000 -2.873917e+000 -3.982430e-001 -1.433432e+000 6.000031e-001 1.497386e+000 5.251253e-001 -1.213609e+000 -4.968367e-001 3.509374e-001 2.896711e-001 -3.501531e-001 -1.928682e-001 -1.451968e-001 -9.134026e-002 -1.075861e-001 8.571644e-002 2.391154e-001 3.143955e-002 -1.262461e-001 -6.083801e-002 2.870905e-003 3.823396e-001
<VARIANCE> 25
 3.586750e+001 5.273616e+001 3.853050e+001 6.491796e+001 4.773492e+001 4.228154e+001 4.509711e+001 4.273586e+001 5.537861e+001 3.348447e+001 4.519894e+001 3.203422e+001 1.577888e+000 2.480612e+000 2.116723e+000 2.763822e+000 2.567939e+000 2.665704e+000 2.773468e+000 2.821899e+000 2.755780e+000 2.391929e+000 2.571892e+000 2.078326e+000 3.159209e+000
<GCONST> 1.031181e+002
<STATE> 3
<MEAN> 25
 3.897434e+000 -4.356642e+000 -3.486756e+000 -3.212410e+000 -7.159365e-001 -1.571762e+000 6.555102e-001 2.001820e+000 5.568851e-001 -1.474240e+000 -6.551694e-001 4.237642e-001 1.454488e-001 -9.887367e-002 -4.409570e-002 -6.170777e-002 -2.694841e-002 2.009363e-002 -2.421002e-002 5.476461e-002 -1.857176e-002 -4.192917e-002 -6.395536e-002 1.042274e-002 1.448877e-001
<VARIANCE> 25
 3.293169e+001 5.012726e+001 3.887679e+001 6.127114e+001 4.700679e+001 4.153434e+001 4.684188e+001 4.322117e+001 5.481409e+001 3.311362e+001 4.828263e+001 3.262002e+001 1.385405e+000 2.358593e+000 1.834314e+000 2.585091e+000 2.377365e+000 2.428965e+000 2.727578e+000 2.682459e+000 2.610986e+000 2.237932e+000 2.400522e+000 2.019006e+000 3.028970e+000
<GCONST> 1.021233e+002
<STATE> 4
<MEAN> 25
 2.981200e+000 -3.243961e+000 -2.950443e+000 -2.395967e+000 -1.418609e-001 -9.619489e-001 3.924089e-001 1.968208e+000 7.000400e-001 -9.310713e-001 -1.361994e+000 1.293237e-003 -1.037779e-001 2.339929e-001 1.154247e-001 1.654774e-001 8.986797e-002 1.171347e-001 -2.479550e-002 -1.273114e-001 -2.336402e-002 5.565024e-002 -2.432615e-002 -1.243384e-002 -2.715663e-001
<VARIANCE> 25
 3.257822e+001 4.474289e+001 3.206870e+001 6.223518e+001 4.209640e+001 3.321379e+001 5.095710e+001 3.968809e+001 4.440314e+001 3.051429e+001 4.755553e+001 3.055611e+001 8.581092e-001 1.765410e+000 1.343583e+000 2.069922e+000 1.860091e+000 1.785869e+000 2.412421e+000 2.198222e+000 2.077445e+000 1.826944e+000 2.022073e+000 1.657222e+000 2.124702e+000
<GCONST> 9.778194e+001
<TRANSP> 5
 0.000000e+000 1.000000e+000 0.000000e+000 0.000000e+000 0.000000e+000
 0.000000e+000 6.728556e-001 3.271444e-001 0.000000e+000 0.000000e+000
 0.000000e+000 0.000000e+000 6.722143e-001 3.277858e-001 0.000000e+000
 0.000000e+000 0.000000e+000 0.000000e+000 8.248565e-001 1.751434e-001
 0.000000e+000 0.000000e+000 0.000000e+000 0.000000e+000 0.000000e+000
<ENDHMM>
~h "b"
<BEGINHMM>
<NUMSTATES> 5
<STATE> 2
<MEAN> 25
 2.114503e-001 1.959951e+000 -1.226284e+000 2.033626e+000 1.380784e+000 6.531324e-001 5.139972e-001 -5.344180e-001 -3.578437e-002 -2.105896e-001 -4.334801e-001 3.175209e-001 -2.326230e-001 -9.186982e-002 -1.528035e-001 1.295004e-001 1.060182e-003 3.031319e-002 9.967738e-002 6.270168e-002 1.796393e-001 9.580146e-002 1.417623e-001 9.441864e-002 -2.471299e-001
<VARIANCE> 25
 2.822206e+001 2.932669e+001 2.462669e+001 4.156808e+001 2.810840e+001 4.205676e+001 4.453484e+001 3.345055e+001 4.012913e+001 3.439331e+001 3.173832e+001 2.471541e+001 4.929353e-001 1.077265e+000 1.040316e+000 1.393495e+000 1.422031e+000 1.827528e+000 1.732243e+000 1.613399e+000 1.777822e+000 1.957244e+000 1.730479e+000 1.459265e+000 1.097000e+000
<GCONST> 9.186007e+001
<STATE> 3
<MEAN> 25
 -7.489344e-001 1.720386e+000 -1.689194e+000 2.491344e+000 1.326974e+000 8.384044e-001 9.848769e-001 -2.708426e-001 5.523021e-001 2.825628e-001 1.751969e-001 4.794020e-001 -1.772730e-001 -6.489928e-002 -6.859233e-002 3.715739e-002 -6.119778e-002 1.584311e-002 7.231331e-002 2.332209e-002 5.056955e-002 5.226346e-002 1.119615e-001 3.935497e-002 -1.559639e-001
<VARIANCE> 25
 2.899990e+001 2.700469e+001 2.192576e+001 3.962225e+001 2.373934e+001 4.120609e+001 4.224273e+001 2.896228e+001 3.677265e+001 3.281971e+001 2.893850e+001 2.230987e+001 4.087627e-001 9.003494e-001 9.170640e-001 1.111971e+000 1.196426e+000 1.574495e+000 1.597075e+000 1.468045e+000 1.672705e+000 1.764477e+000 1.591936e+000 1.326149e+000 6.619124e-001
<GCONST> 8.886066e+001
<STATE> 4
<MEAN> 25
 -2.578870e+000 1.579267e+000 -1.265680e+000 2.969937e+000 1.560403e+000 2.188100e+000 3.125649e+000 8.283908e-001 2.007441e+000 1.242750e+000 1.001563e+000 4.742024e-001 -4.095975e-002 -3.896406e-003 6.258357e-002 -2.272582e-003 1.646532e-002 2.976188e-004 3.578983e-003 -3.382568e-002 -3.920112e-002 -6.096451e-003 -1.127599e-002 -1.967837e-002 4.376636e-003
<VARIANCE> 25
 1.777938e+001 1.719930e+001 1.462295e+001 3.210228e+001 1.659789e+001 2.367047e+001 2.879664e+001 2.107361e+001 2.489703e+001 2.174521e+001 2.122767e+001 1.746719e+001 3.598445e-001 6.675987e-001 6.455977e-001 8.384162e-001 9.263813e-001 1.170007e+000 1.255400e+000 1.255979e+000 1.447687e+000 1.429762e+000 1.308864e+000 1.166291e+000 5.461768e-001
<GCONST> 8.145450e+001
<TRANSP> 5
 0.000000e+000 1.000000e+000 0.000000e+000 0.000000e+000 0.000000e+000
 0.000000e+000 7.433766e-001 2.566234e-001 0.000000e+000 0.000000e+000
 0.000000e+000 0.000000e+000 7.533183e-001 2.466817e-001 0.000000e+000
 0.000000e+000 0.000000e+000 0.000000e+000 9.430267e-001 5.697328e-002
 0.000000e+000 0.000000e+000 0.000000e+000 0.000000e+000 0.000000e+000
<ENDHMM>
~h "c"
<BEGINHMM>
<NUMSTATES> 5
<STATE> 2
<MEAN> 25
 -2.634434e+000 8.956882e-001 -8.389137e-001 2.559627e+000 7.631000e-001 5.230030e+000 3.387316e+000 2.145037e-001 1.771145e+000 2.194626e+000 1.476565e+000 3.253693e+000 -2.162259e-001 -2.774338e-001 7.515275e-002 5.668017e-001 -1.256259e-001 -2.154467e-001 6.339700e-001 1.439641e-001 -7.647298e-002 7.697008e-002 1.522430e-002 8.929623e-002 -1.365371e-001
<VARIANCE> 25
 1.470802e+001 1.126488e+001 2.183941e+001 4.599627e+001 1.427778e+001 3.288612e+001 3.043608e+001 1.696732e+001 2.230369e+001 2.739805e+001 2.221571e+001 1.348023e+001 4.300607e-001 1.437053e+000 1.646296e+000 1.900732e+000 9.948284e-001 3.076571e+000 3.388158e+000 2.900666e+000 2.317970e+000 3.102995e+000 2.319703e+000 1.329530e+000 8.648909e-001
<GCONST> 8.950277e+001
<STATE> 3
<MEAN> 25
 -3.134290e+000 -4.528296e-002 -5.896289e-001 3.577034e+000 2.104640e-001 3.696516e+000 4.265222e+000 6.703776e-001 8.299689e-001 1.916960e+000 1.876491e+000 3.275419e+000 -1.722914e-001 -4.872145e-001 3.627265e-001 2.843956e-001 -3.061458e-001 -7.202724e-001 1.703990e-001 8.162931e-002 -6.080448e-001 -3.576162e-001 -6.658669e-002 -7.883031e-002 2.966293e-001
<VARIANCE> 25
 1.393897e+001 2.122393e+001 2.923324e+001 4.934290e+001 1.354762e+001 3.609459e+001 3.016511e+001 2.504745e+001 2.857310e+001 1.890584e+001 1.543892e+001 1.114092e+001 8.895791e-001 3.032833e+000 2.480690e+000 2.961191e+000 1.351800e+000 2.531734e+000 3.376506e+000 3.945973e+000 2.564606e+000 2.461391e+000 2.336319e+000 1.312149e+000 1.262100e+000
<GCONST> 9.317216e+001
<STATE> 4
<MEAN> 25
 -2.281915e+000 -1.957435e+000 2.327302e+000 -1.731063e+000 -1.560532e+000 -1.848605e+000 1.278391e+000 -1.784147e-003 1.032456e-001 -1.233954e+000 1.379199e+000 1.443528e+000 2.969431e-001 -1.487238e-001 1.794530e-001 -4.015599e-001 -9.906603e-002 -2.608572e-001 -4.224665e-001 -1.290821e-001 -6.588104e-002 -2.634865e-001 -3.981499e-002 -2.371908e-001 8.242509e-001
<VARIANCE> 25
 6.365868e+001 1.251617e+002 9.562891e+001 1.259097e+002 6.735038e+001 3.460388e+001 5.451708e+001 8.990216e+001 5.990137e+001 2.919464e+001 4.780235e+001 3.958471e+001 5.812962e+000 7.667985e+000 6.976735e+000 5.628538e+000 5.768419e+000 2.480074e+000 5.190447e+000 6.176199e+000 3.984974e+000 2.871550e+000 3.050577e+000 3.237783e+000 6.235910e+000
<GCONST> 1.157431e+002
<TRANSP> 5
 0.000000e+000 1.000000e+000 0.000000e+000 0.000000e+000 0.000000e+000
 0.000000e+000 5.991713e-001 4.008287e-001 0.000000e+000 0.000000e+000
 0.000000e+000 0.000000e+000 6.250033e-001 3.749967e-001 0.000000e+000
 0.000000e+000 0.000000e+000 0.000000e+000 9.454880e-001 5.451205e-002
 0.000000e+000 0.000000e+000 0.000000e+000 0.000000e+000 0.000000e+000
<ENDHMM>
~h "d"
<BEGINHMM>
<NUMSTATES> 5
<STATE> 2
<MEAN> 25
 2.551939e+000 1.643216e+000 3.063174e-001 1.425665e+000 8.533695e-001 1.339134e+000 -2.618451e+000 -2.768533e+000 -1.380565e+000 -1.810615e+000 -2.385065e-001 -4.047487e-001 -1.711938e-001 2.954907e-001 -3.309422e-002 1.670644e-001 9.686210e-002 2.139816e-001 1.197366e-001 -3.590971e-002 1.940834e-002 1.516773e-001 5.265972e-002 2.782620e-002 -4.363031e-001
<VARIANCE> 25
 2.845738e+001 2.182954e+001 2.281063e+001 3.568140e+001 3.480453e+001 4.634100e+001 8.042564e+001 6.139841e+001 3.129608e+001 3.741236e+001 3.912724e+001 3.071182e+001 6.811882e-001 1.002422e+000 1.164038e+000 1.364115e+000 1.494368e+000 2.343267e+000 2.317113e+000 2.353629e+000 1.937720e+000 1.994769e+000 2.018457e+000 1.663965e+000 1.037565e+000
<GCONST> 9.475880e+001
<STATE> 3
<MEAN> 25
 1.089956e+000 2.715543e+000 2.284921e-001 2.093042e+000 1.278479e+000 1.904478e+000 -1.122678e+000 -2.051820e+000 -8.624724e-001 -5.417191e-001 1.961509e-001 -3.713844e-002 -2.186196e-001 1.944284e-001 -5.255729e-002 6.732005e-002 5.372236e-002 8.132814e-002 1.595763e-001 5.839385e-002 -1.607361e-002 1.688268e-001 1.287435e-001 7.436697e-002 -3.685210e-001
<VARIANCE> 25
 2.878209e+001 1.922068e+001 2.131115e+001 3.611038e+001 3.252893e+001 4.196885e+001 7.192072e+001 5.586486e+001 3.176221e+001 3.695494e+001 3.455696e+001 2.491885e+001 4.004588e-001 8.382701e-001 9.079134e-001 1.026262e+000 1.221848e+000 1.779919e+000 1.795974e+000 1.749045e+000 1.764547e+000 1.858398e+000 1.685440e+000 1.500666e+000 5.468352e-001
<GCONST> 9.052349e+001
<STATE> 4
<MEAN> 25
 -9.666212e-001 1.948035e+000 -5.488703e-002 2.289491e+000 1.179711e+000 1.233433e+000 8.151441e-001 -5.412738e-001 2.697719e-001 8.260381e-001 7.183848e-001 6.210652e-001 -6.961279e-002 2.187118e-003 -1.379125e-002 2.267930e-002 2.682202e-002 -1.114211e-002 3.336713e-002 1.358194e-002 -1.515980e-002 2.649504e-002 2.364613e-002 2.041534e-002 -6.668788e-002
<VARIANCE> 25
 1.997026e+001 1.384693e+001 1.947914e+001 2.807630e+001 1.872935e+001 2.779434e+001 4.082030e+001 3.849419e+001 2.580226e+001 2.550654e+001 2.333297e+001 2.082181e+001 3.112110e-001 6.893050e-001 7.886660e-001 9.026067e-001 9.733309e-001 1.283097e+000 1.443593e+000 1.612532e+000 1.445294e+000 1.421711e+000 1.394041e+000 1.389737e+000 5.061710e-001
<GCONST> 8.405195e+001
<TRANSP> 5
 0.000000e+000 1.000000e+000 0.000000e+000 0.000000e+000 0.000000e+000
 0.000000e+000 7.701461e-001 2.298538e-001 0.000000e+000 0.000000e+000
 0.000000e+000 0.000000e+000 7.753127e-001 2.246874e-001 0.000000e+000
 0.000000e+000 0.000000e+000 0.000000e+000 9.577491e-001 4.225096e-002
 0.000000e+000 0.000000e+000 0.000000e+000 0.000000e+000 0.000000e+000
<ENDHMM>
~h "e"
<BEGINHMM>
<NUMSTATES> 5
<STATE> 2
<MEAN> 25
 -1.649361e+000 1.074167e+000 -1.297961e+000 8.837363e-001 1.115726e+000 1.167472e+000 3.449578e-001 -1.745883e+000 -3.821540e-001 1.091372e+000 2.519913e-001 5.090795e-001 1.018782e-001 -4.997496e-002 -5.867542e-002 1.151345e-002 -4.319212e-003 -7.094248e-002 -1.267735e-001 -9.467044e-002 -6.935062e-002 6.156354e-003 -4.287737e-002 5.594413e-003 8.236319e-002
<VARIANCE> 25
 3.493449e+001 2.630671e+001 2.684519e+001 5.470610e+001 2.783568e+001 3.622942e+001 4.550845e+001 3.967000e+001 4.401299e+001 4.119491e+001 2.338179e+001 1.907127e+001 1.173723e+000 1.278010e+000 1.364265e+000 1.794008e+000 1.774210e+000 2.754901e+000 2.556032e+000 2.433099e+000 2.528839e+000 2.588139e+000 1.993520e+000 1.712049e+000 1.443467e+000
<GCONST> 9.626816e+001
<STATE> 3
<MEAN> 25
 -9.574205e-001 5.594994e-001 -1.263415e+000 6.834113e-001 9.192992e-001 8.624659e-001 -1.911162e-002 -2.096342e+000 -8.607573e-001 6.051673e-001 1.523428e-001 7.372324e-001 2.868187e-001 -7.935873e-002 2.649199e-002 -3.155088e-002 -5.846056e-002 -1.408734e-001 -1.326625e-001 -5.308712e-002 -8.385857e-002 -1.169807e-001 -2.571358e-002 4.444959e-002 2.805996e-001
<VARIANCE> 25
 4.142548e+001 3.380027e+001 2.934993e+001 5.694058e+001 3.146682e+001 4.219498e+001 4.863150e+001 4.430912e+001 4.752682e+001 4.794854e+001 2.457152e+001 2.197388e+001 1.746096e+000 1.772820e+000 1.687904e+000 1.974444e+000 2.345982e+000 3.656543e+000 2.897007e+000 3.016032e+000 3.073871e+000 3.213904e+000 1.922361e+000 1.905042e+000 1.928372e+000
<GCONST> 1.003979e+002
<STATE> 4
<MEAN> 25
 -6.530718e-001 6.605281e-001 -1.512980e+000 1.070742e+000 3.819461e-001 2.147192e-001 7.522716e-002 -1.623583e+000 -8.961104e-001 3.183493e-001 2.395266e-001 1.076058e+000 3.143790e-001 -7.163831e-002 7.383467e-002 -1.002005e-001 -1.124097e-001 -2.005318e-001 -1.201713e-001 1.151682e-001 6.150219e-005 -1.510855e-001 -8.434303e-002 -2.044203e-002 3.225813e-001
<VARIANCE> 25
 4.067099e+001 3.081577e+001 2.579006e+001 5.417253e+001 3.025434e+001 4.181347e+001 4.654998e+001 4.823316e+001 4.267017e+001 4.532955e+001 2.339951e+001 2.122549e+001 1.710239e+000 1.656146e+000 1.506786e+000 2.260280e+000 1.999595e+000 3.299927e+000 3.087406e+000 3.444679e+000 2.782772e+000 2.848653e+000 1.848172e+000 1.709327e+000 1.824846e+000
<GCONST> 9.929713e+001
<TRANSP> 5
 0.000000e+000 1.000000e+000 0.000000e+000 0.000000e+000 0.000000e+000
 0.000000e+000 6.658961e-001 3.341040e-001 0.000000e+000 0.000000e+000
 0.000000e+000 0.000000e+000 6.414020e-001 3.585980e-001 0.000000e+000
 0.000000e+000 0.000000e+000 0.000000e+000 7.947790e-001 2.052210e-001
 0.000000e+000 0.000000e+000 0.000000e+000 0.000000e+000 0.000000e+000
<ENDHMM>
~h "f"
<BEGINHMM>
<NUMSTATES> 5
<STATE> 2
<MEAN> 25
 -2.935295e+000 -6.757915e-001 -1.288909e+000 -8.305898e-001 1.239327e+000 -3.107121e+000 3.625519e+000 8.996595e-002 3.804995e-001 -1.356169e+000 1.667982e+000 1.546082e+000 7.138175e-001 -2.549258e-001 -1.638729e-001 -9.180725e-001 -7.271420e-001 -3.386384e-001 -2.406520e-001 -3.134354e-001 -4.403417e-001 -4.069899e-001 -2.348417e-001 -3.030476e-001 9.440803e-001
<VARIANCE> 25
 9.216824e+001 4.846036e+001 5.488089e+001 7.747024e+001 9.372765e+001 4.738330e+001 5.778651e+001 3.135858e+001 2.813906e+001 3.202871e+001 2.005599e+001 1.883011e+001 6.047963e+000 1.783446e+000 2.652324e+000 2.735901e+000 5.119844e+000 3.253536e+000 4.146921e+000 2.780414e+000 2.506987e+000 2.480662e+000 1.806755e+000 1.653530e+000 1.613705e+000
<GCONST> 1.043636e+002
<STATE> 3
<MEAN> 25
 2.074531e+000 -4.433921e+000 -2.395396e+000 -5.052164e+000 -4.279930e+000 -3.266280e+000 2.220058e+000 1.706875e+000 -2.193840e+000 -3.772510e+000 1.816055e+000 7.371373e-001 3.274829e-001 -2.655281e-001 3.123235e-002 -6.279206e-001 -3.785680e-001 1.329872e-002 -1.121459e-002 -4.025725e-002 -1.305451e-001 -7.498253e-003 -3.010589e-002 -1.897762e-001 4.578066e-001
<VARIANCE> 25
 6.353933e+001 3.088520e+001 9.793501e+001 8.915908e+001 1.381510e+002 4.461680e+001 7.635236e+001 5.097077e+001 4.120170e+001 3.950142e+001 1.992916e+001 2.329788e+001 3.178663e+000 1.576490e+000 1.655505e+000 3.071604e+000 3.244288e+000 1.924130e+000 3.283134e+000 1.930180e+000 1.983598e+000 1.696582e+000 1.572667e+000 1.648643e+000 2.381856e+000
<GCONST> 1.030819e+002
<STATE> 4
<MEAN> 25
 2.246934e+000 -3.707392e+000 -1.904649e+000 -8.597921e+000 2.556485e+000 2.443104e+000 -3.004217e+000 -2.099439e+000 1.069570e+000 7.221302e-001 7.671621e-001 -3.059609e+000 9.193823e-002 1.471277e-001 -3.082197e-002 -3.371048e-002 -6.920869e-002 2.045871e-002 5.629558e-003 -2.692551e-002 7.503518e-002 1.432524e-001 -1.435827e-001 -1.694991e-001 7.527671e-003
<VARIANCE> 25
 4.904324e+001 4.002958e+001 6.466808e+001 1.212430e+002 9.206706e+001 3.782611e+001 8.429041e+001 2.843464e+001 3.520180e+001 3.064272e+001 1.985468e+001 2.326525e+001 3.185652e+000 2.021713e+000 1.792269e+000 5.158725e+000 3.256631e+000 2.360575e+000 4.153945e+000 2.237913e+000 2.645382e+000 1.551304e+000 1.746740e+000 1.550546e+000 3.400853e+000
<GCONST> 1.035409e+002
<TRANSP> 5
 0.000000e+000 1.000000e+000 0.000000e+000 0.000000e+000 0.000000e+000
 0.000000e+000 8.210086e-001 1.789914e-001 0.000000e+000 0.000000e+000
 0.000000e+000 0.000000e+000 7.936464e-001 2.063536e-001 0.000000e+000
 0.000000e+000 0.000000e+000 0.000000e+000 9.415437e-001 5.845631e-002
 0.000000e+000 0.000000e+000 0.000000e+000 0.000000e+000 0.000000e+000
<ENDHMM>
~h "g"
<BEGINHMM>
<NUMSTATES> 5
<STATE> 2
<MEAN> 25
 -1.784472e+000 1.013544e+000 1.067339e+000 4.455082e+000 2.244990e+000 6.921936e-001 8.356197e-001 2.624775e-002 1.891982e-001 -3.138732e-001 -8.186762e-002 -1.350726e-001 -8.730619e-002 -2.273508e-001 -2.408892e-001 -1.792795e-001 1.488963e-001 1.363968e-001 2.093284e-002 -2.088559e-002 3.241693e-002 1.298809e-001 4.547358e-002 8.221081e-003 5.036124e-003
<VARIANCE> 25
 2.253191e+001 5.164702e+001 3.127187e+001 4.330204e+001 3.615412e+001 4.247519e+001 3.514412e+001 3.451545e+001 3.206564e+001 3.851022e+001 3.215342e+001 3.707957e+001 5.989660e-001 3.367768e+000 1.678669e+000 2.287943e+000 2.645853e+000 2.486915e+000 2.244435e+000 2.198796e+000 1.871366e+000 2.305783e+000 1.804630e+000 1.657574e+000 2.226700e+000
<GCONST> 9.774316e+001
<STATE> 3
<MEAN> 25
 -1.769177e+000 5.545775e-001 4.736174e-001 3.452370e+000 2.181948e+000 7.773368e-001 4.880792e-001 -2.561349e-001 -1.931479e-001 -1.471561e-001 9.961436e-003 -2.791302e-002 7.752982e-002 -2.399148e-001 -9.540475e-002 -3.235864e-001 -2.083542e-001 3.336105e-003 -9.326155e-002 -7.235660e-002 -3.757973e-002 1.630608e-002 4.881224e-002 -7.858535e-002 2.133338e-001
<VARIANCE> 25
 2.773466e+001 5.922112e+001 3.865986e+001 4.777822e+001 5.360070e+001 4.043512e+001 4.114715e+001 4.083690e+001 2.800194e+001 3.971019e+001 2.648402e+001 4.083809e+001 7.905204e-001 3.492702e+000 2.023521e+000 3.153115e+000 5.697221e+000 2.700280e+000 2.912201e+000 2.782604e+000 1.782732e+000 2.601804e+000 2.057226e+000 1.928290e+000 2.056566e+000
<GCONST> 1.013082e+002
<STATE> 4
<MEAN> 25
 9.844416e-001 6.072028e-001 -1.858055e-001 6.014121e-001 6.881052e-001 -1.196571e+000 -3.443988e+000 -3.111464e+000 -1.820219e+000 -2.210940e-001 6.281521e-001 -1.415650e+000 2.406788e-001 -1.805165e-001 1.033748e-002 -3.153476e-001 -2.559190e-001 4.427222e-003 -2.256057e-001 -1.767259e-002 -4.227595e-002 6.069881e-002 1.363283e-001 -8.267517e-002 4.675116e-001
<VARIANCE> 25
 3.375233e+001 4.156885e+001 6.005082e+001 5.328286e+001 6.312955e+001 3.827591e+001 7.245145e+001 6.132708e+001 2.827376e+001 4.946194e+001 3.179183e+001 4.113916e+001 7.674821e-001 2.243740e+000 2.828192e+000 3.630697e+000 4.345841e+000 2.208852e+000 3.052378e+000 2.683927e+000 1.671284e+000 3.079161e+000 2.573135e+000 1.844824e+000 2.875335e+000
<GCONST> 1.033620e+002
<TRANSP> 5
 0.000000e+000 1.000000e+000 0.000000e+000 0.000000e+000 0.000000e+000
 0.000000e+000 7.685931e-001 2.314069e-001 0.000000e+000 0.000000e+000
 0.000000e+000 0.000000e+000 7.451508e-001 2.548492e-001 0.000000e+000
 0.000000e+000 0.000000e+000 0.000000e+000 8.957387e-001 1.042613e-001
 0.000000e+000 0.000000e+000 0.000000e+000 0.000000e+000 0.000000e+000
<ENDHMM>
~h "h"
<BEGINHMM>
<NUMSTATES> 5
<STATE> 2
<MEAN> 25
 -4.151496e-001 -4.221629e+000 -2.808343e+000 6.937065e-001 2.189807e+000 1.728051e+000 4.272937e+000 2.338614e+000 1.947648e+000 3.605739e-001 7.068484e-001 1.156488e+000 -2.966804e-001 1.574095e-001 -1.433374e-002 2.434567e-001 2.053564e-002 2.166261e-001 1.582418e-001 1.202839e-001 2.381637e-001 2.038906e-001 2.048765e-001 1.193765e-001 -5.276747e-001
<VARIANCE> 25
 2.033907e+001 3.886543e+001 1.676301e+001 4.583030e+001 4.906073e+001 2.300485e+001 3.377474e+001 2.704782e+001 3.418714e+001 2.997753e+001 2.920897e+001 2.156695e+001 3.930640e-001 8.458747e-001 8.141318e-001 1.217005e+000 1.215765e+000 1.340362e+000 1.771246e+000 1.516525e+000 1.773995e+000 1.612247e+000 1.597549e+000 1.351297e+000 6.511036e-001
<GCONST> 8.824504e+001
<STATE> 3
<MEAN> 25
 -1.789742e+000 -2.208813e+000 -2.697463e+000 2.475149e+000 1.982882e+000 2.430278e+000 4.201333e+000 2.250740e+000 2.224650e+000 1.463490e+000 1.809020e+000 1.354697e+000 -1.562697e-001 2.563222e-001 5.697908e-002 1.853765e-001 -1.034492e-002 9.707175e-002 -6.107257e-002 -3.352271e-002 5.087566e-002 1.062342e-001 7.803503e-002 1.691213e-002 -3.869962e-001
<VARIANCE> 25
 1.551824e+001 3.322744e+001 1.384210e+001 4.725018e+001 3.793189e+001 1.918152e+001 2.949287e+001 2.477839e+001 2.722800e+001 2.674018e+001 2.292124e+001 1.734543e+001 2.853156e-001 7.972263e-001 6.974913e-001 1.179047e+000 1.160792e+000 1.229764e+000 1.703982e+000 1.531122e+000 1.489882e+000 1.523051e+000 1.512364e+000 1.257118e+000 5.245948e-001
<GCONST> 8.489050e+001
<STATE> 4
<MEAN> 25
 -2.781122e+000 6.864028e-001 -2.199861e+000 4.379396e+000 1.610955e+000 2.692688e+000 3.335063e+000 1.039658e+000 2.211134e+000 1.808028e+000 2.066184e+000 1.412602e+000 -4.155156e-002 1.050268e-001 5.721395e-002 5.209028e-002 1.312546e-002 -7.403381e-003 -7.663723e-002 -8.001708e-002 -4.686387e-002 -2.081976e-002 -3.838140e-002 -2.946315e-002 -7.719875e-002
<VARIANCE> 25
 1.107495e+001 1.949854e+001 1.119554e+001 4.319831e+001 2.282360e+001 1.395473e+001 2.735456e+001 2.475604e+001 2.031939e+001 2.136473e+001 1.863271e+001 1.439815e+001 2.783438e-001 6.279735e-001 6.306168e-001 1.127520e+000 1.015111e+000 1.087020e+000 1.435842e+000 1.340879e+000 1.265436e+000 1.461029e+000 1.370291e+000 1.154057e+000 4.093609e-001
<GCONST> 8.029820e+001
<TRANSP> 5
 0.000000e+000 1.000000e+000 0.000000e+000 0.000000e+000 0.000000e+000
 0.000000e+000 8.440235e-001 1.559765e-001 0.000000e+000 0.000000e+000
 0.000000e+000 0.000000e+000 8.201724e-001 1.798276e-001 0.000000e+000
 0.000000e+000 0.000000e+000 0.000000e+000 9.404858e-001 5.951415e-002
 0.000000e+000 0.000000e+000 0.000000e+000 0.000000e+000 0.000000e+000
<ENDHMM>
~h "i"
<BEGINHMM>
<NUMSTATES> 5
<STATE> 2
<MEAN> 25
 -2.546434e-001 -8.901609e-001 1.140306e+001 4.395381e+000 -1.569406e+000 -4.774225e+000 -6.080019e+000 -4.258814e+000 -4.127536e+000 -2.768230e+000 -7.625538e-001 -3.781208e+000 2.302922e-001 2.402884e-002 8.427882e-001 2.204847e-001 -3.473864e-001 -3.621386e-001 -6.521022e-001 -1.300545e-001 -3.830096e-001 -2.630475e-001 -1.257498e-001 -2.835903e-001 3.487444e-001
<VARIANCE> 25
 3.022428e+001 6.163158e+001 9.019307e+001 1.556696e+002 1.127502e+002 7.795179e+001 7.089601e+001 6.055479e+001 5.078792e+001 5.136514e+001 5.095065e+001 3.566384e+001 1.434988e+000 2.303013e+000 4.256771e+000 5.090535e+000 4.016834e+000 4.878142e+000 4.854188e+000 3.113139e+000 3.754634e+000 2.872745e+000 2.433504e+000 2.188827e+000 2.142859e+000
<GCONST> 1.106192e+002
<STATE> 3
<MEAN> 25
 5.575030e-001 -1.573941e-002 1.182085e+001 5.625337e+000 -1.740569e+000 -5.355525e+000 -7.724218e+000 -4.022091e+000 -4.529876e+000 -3.499777e+000 -1.640474e+000 -4.189739e+000 -8.344512e-004 1.753444e-001 -7.093514e-002 -9.962213e-002 -7.164726e-002 2.116301e-001 -4.185684e-003 1.641533e-002 3.774927e-002 9.416907e-002 -6.932446e-002 2.434889e-002 -1.750138e-001
<VARIANCE> 25
 1.800852e+001 4.533331e+001 7.649431e+001 1.624422e+002 1.129245e+002 7.994711e+001 5.408654e+001 5.488810e+001 4.509781e+001 4.799488e+001 5.037604e+001 3.354179e+001 7.379122e-001 1.508137e+000 2.549591e+000 3.276851e+000 2.643804e+000 3.832961e+000 3.369262e+000 2.576024e+000 2.615905e+000 2.169311e+000 1.997173e+000 1.662784e+000 1.291303e+000
<GCONST> 1.041940e+002
<STATE> 4
<MEAN> 25
 -3.182415e-001 2.338683e+000 1.060602e+001 1.824425e+000 -3.774438e+000 -1.710938e+000 -5.014270e+000 -3.561962e+000 -4.330065e+000 -1.176939e+000 -9.655657e-001 -2.655458e+000 -1.068018e-001 5.781160e-002 -6.091879e-001 -1.109440e-001 2.338983e-001 3.364263e-001 4.480029e-001 1.564833e-001 2.419945e-001 2.434943e-001 4.483011e-002 2.383396e-001 -4.430632e-001
<VARIANCE> 25
 2.042764e+001 3.232010e+001 7.756276e+001 1.164159e+002 9.886026e+001 4.998276e+001 6.106785e+001 5.504159e+001 4.786858e+001 4.298303e+001 4.494522e+001 3.048516e+001 5.934134e-001 1.083414e+000 2.477293e+000 3.165357e+000 2.672066e+000 2.582771e+000 2.975739e+000 2.642444e+000 2.281274e+000 2.148420e+000 1.918839e+000 1.632291e+000 1.612403e+000
<GCONST> 1.018457e+002
<TRANSP> 5
 0.000000e+000 1.000000e+000 0.000000e+000 0.000000e+000 0.000000e+000
 0.000000e+000 8.465450e-001 1.534550e-001 0.000000e+000 0.000000e+000
 0.000000e+000 0.000000e+000 8.220590e-001 1.779410e-001 0.000000e+000
 0.000000e+000 0.000000e+000 0.000000e+000 9.050749e-001 9.492507e-002
 0.000000e+000 0.000000e+000 0.000000e+000 0.000000e+000 0.000000e+000
<ENDHMM>
~h "j"
<BEGINHMM>
<NUMSTATES> 5
<STATE> 2
<MEAN> 25
 -1.172764e+000 1.667345e+000 -1.793994e+000 3.961130e+000 -5.286651e-001 6.084461e-002 8.513296e-001 1.282646e+000 2.092665e-002 -1.500642e+000 4.754958e-001 2.005973e+000 -3.037958e-001 -2.238471e-001 -5.679030e-002 -3.003613e-001 2.813517e-002 -6.806951e-002 5.207718e-002 -2.368967e-002 8.506019e-002 1.550841e-002 1.316379e-001 1.621637e-001 3.092646e-001
<VARIANCE> 25
 2.580124e+001 3.498670e+001 2.360391e+001 6.404471e+001 3.029503e+001 4.568563e+001 2.860692e+001 2.225334e+001 3.250150e+001 2.836777e+001 1.916729e+001 2.169026e+001 2.148067e+000 2.601645e+000 1.547523e+000 3.033498e+000 3.483533e+000 3.276429e+000 2.953545e+000 1.796038e+000 2.354599e+000 2.151704e+000 2.078770e+000 1.864501e+000 5.414255e+000
<GCONST> 9.865574e+001
<STATE> 3
<MEAN> 25
 -3.690153e+000 2.021969e+000 -4.849550e-001 -2.653326e-001 -9.394483e-001 -3.013760e+000 2.782826e+000 1.361848e+000 1.649712e+000 -1.279580e+000 1.823549e+000 3.138242e+000 -1.152955e-001 -2.351039e-001 1.156021e-002 -5.829328e-001 -2.564432e-001 -3.090080e-001 -2.879587e-002 2.047463e-001 1.454868e-001 3.902859e-002 1.846090e-001 1.765484e-002 7.716988e-001
<VARIANCE> 25
 6.739417e+001 4.838010e+001 2.530735e+001 5.689223e+001 3.816668e+001 6.000348e+001 4.412885e+001 2.457154e+001 4.027441e+001 3.435389e+001 1.989447e+001 3.318472e+001 7.521874e+000 3.489419e+000 2.150841e+000 4.155847e+000 5.277143e+000 4.680973e+000 5.129845e+000 2.032953e+000 2.859194e+000 2.855743e+000 2.286729e+000 3.083360e+000 6.169629e+000
<GCONST> 1.066409e+002
<STATE> 4
<MEAN> 25
 -1.667287e+000 -1.439429e+000 -8.857945e-001 7.641608e-001 8.434904e-001 3.118363e-001 3.336113e+000 3.543016e+000 1.832543e+000 1.146545e+000 2.716023e-001 1.735042e+000 -2.267631e-002 -4.376962e-002 1.034435e-001 2.490928e-002 5.408179e-002 4.332760e-002 -4.801408e-002 -3.288820e-002 -2.690572e-002 -5.001417e-002 -4.351784e-002 -9.254341e-002 1.604224e-002
<VARIANCE> 25
 2.237236e+001 2.696877e+001 2.070878e+001 3.339847e+001 3.013122e+001 3.602395e+001 2.515585e+001 2.442753e+001 2.657787e+001 2.369032e+001 1.583513e+001 2.210885e+001 1.044994e+000 1.250250e+000 8.499913e-001 8.514616e-001 1.321553e+000 1.524315e+000 1.593035e+000 1.668378e+000 1.545343e+000 1.515507e+000 1.132577e+000 1.136121e+000 1.099826e+000
<GCONST> 8.742253e+001
<TRANSP> 5
 0.000000e+000 1.000000e+000 0.000000e+000 0.000000e+000 0.000000e+000
 0.000000e+000 8.116906e-001 1.883094e-001 0.000000e+000 0.000000e+000
 0.000000e+000 0.000000e+000 7.904119e-001 2.095881e-001 0.000000e+000
 0.000000e+000 0.000000e+000 0.000000e+000 9.671428e-001 3.285724e-002
 0.000000e+000 0.000000e+000 0.000000e+000 0.000000e+000 0.000000e+000
<ENDHMM>
~h "k"
<BEGINHMM>
<NUMSTATES> 5
<STATE> 2
<MEAN> 25
 -2.435492e+000 1.793972e+000 -7.502598e-001 2.583458e-001 7.180164e-001 2.728391e+000 1.537058e+000 -8.304014e-002 1.107891e+000 1.651916e+000 2.303495e-001 7.249854e-001 -1.314171e-001 -4.719589e-001 -4.287514e-001 -3.684841e-001 6.886826e-002 1.908000e-001 3.217002e-001 -4.025836e-002 -1.389452e-002 5.946596e-002 3.234790e-001 1.276896e-001 2.743979e-001
<VARIANCE> 25
 2.155684e+001 3.764022e+001 3.802310e+001 5.599510e+001 5.103934e+001 4.410628e+001 3.785478e+001 3.150483e+001 5.053591e+001 3.135350e+001 2.463072e+001 1.981691e+001 1.347591e+000 2.987292e+000 2.478377e+000 3.492392e+000 3.957588e+000 3.796129e+000 4.025774e+000 2.983244e+000 4.464746e+000 3.298025e+000 2.298932e+000 1.737604e+000 3.562424e+000
<GCONST> 1.027619e+002
<STATE> 3
<MEAN> 25
 -2.095556e+000 -2.650238e-001 -1.918079e+000 -1.135091e+000 1.921436e-001 2.649207e+000 2.240630e+000 -6.708371e-002 4.008255e-001 1.060214e+000 1.083962e+000 9.718369e-001 2.880380e-001 -7.309839e-001 -3.717705e-001 -4.777348e-001 -1.181660e-001 -1.633409e-001 6.045445e-002 -1.487607e-001 -2.890365e-001 -1.793969e-001 2.452242e-001 4.027570e-002 8.735086e-001
<VARIANCE> 25
 2.791942e+001 5.652543e+001 3.459031e+001 7.600845e+001 7.200700e+001 5.134774e+001 4.635332e+001 3.691902e+001 6.035181e+001 4.019433e+001 2.557724e+001 2.269332e+001 2.085323e+000 4.238050e+000 2.622023e+000 4.639428e+000 5.653052e+000 5.078760e+000 5.067055e+000 3.805374e+000 5.148940e+000 4.087264e+000 2.643801e+000 2.130923e+000 4.494589e+000
<GCONST> 1.082758e+002
<STATE> 4
<MEAN> 25
 1.370518e+000 -4.310859e+000 -2.806173e+000 -5.743599e+000 1.830874e+000 6.489980e-001 9.446552e-001 9.544507e-002 1.892241e+000 1.664615e+000 6.316500e-001 -1.559628e+000 4.493733e-001 -3.260950e-001 -2.382137e-003 -3.295067e-001 -7.103296e-002 -2.484787e-001 -2.450514e-001 -6.245856e-002 5.580618e-002 -3.030368e-002 -3.212199e-003 -1.693044e-001 8.695099e-001
<VARIANCE> 25
 4.568439e+001 7.477765e+001 5.128335e+001 1.428161e+002 1.021776e+002 4.585705e+001 5.430153e+001 5.653617e+001 7.234207e+001 5.133542e+001 3.789809e+001 3.952947e+001 3.199930e+000 4.235472e+000 3.958718e+000 8.231894e+000 5.514524e+000 4.132018e+000 4.784050e+000 4.336256e+000 4.929961e+000 3.709291e+000 3.237555e+000 2.949857e+000 7.755220e+000
<GCONST> 1.144557e+002
<TRANSP> 5
 0.000000e+000 1.000000e+000 0.000000e+000 0.000000e+000 0.000000e+000
 0.000000e+000 6.821662e-001 3.178339e-001 0.000000e+000 0.000000e+000
 0.000000e+000 0.000000e+000 6.856346e-001 3.143654e-001 0.000000e+000
 0.000000e+000 0.000000e+000 0.000000e+000 9.112277e-001 8.877232e-002
 0.000000e+000 0.000000e+000 0.000000e+000 0.000000e+000 0.000000e+000
<ENDHMM>
~h "l"
<BEGINHMM>
<NUMSTATES> 5
<STATE> 2
<MEAN> 25
 6.776423e+000 -2.505205e+000 -6.160347e-001 -3.458570e+000 -3.657761e+000 -4.371786e+000 -4.969833e+000 1.680684e-001 -9.486278e-001 -4.191984e+000 -4.353660e+000 3.719573e-001 8.801080e-002 7.862788e-002 -5.192606e-002 -8.267131e-002 -1.849612e-001 -2.411253e-001 -1.943555e-001 1.270593e-001 1.890976e-003 6.562454e-003 -2.377595e-001 1.132132e-002 2.286865e-003
<VARIANCE> 25
 1.770782e+001 3.463484e+001 3.397744e+001 6.841914e+001 4.750109e+001 6.307690e+001 7.445425e+001 7.162247e+001 6.925873e+001 1.015692e+002 5.931573e+001 2.934901e+001 4.943356e-001 1.136535e+000 1.335903e+000 1.995307e+000 1.987502e+000 2.607478e+000 2.927987e+000 2.578227e+000 2.070703e+000 2.878880e+000 2.552804e+000 1.747025e+000 6.421126e-001
<GCONST> 9.993250e+001
<STATE> 3
<MEAN> 25
 6.539761e+000 -1.713397e+000 -6.161093e-001 -3.724209e+000 -4.053309e+000 -5.184835e+000 -5.835823e+000 5.610891e-001 -4.414168e-001 -3.479154e+000 -4.186867e+000 1.433134e-001 -6.275095e-002 1.424933e-001 -1.993864e-002 -8.864164e-002 -5.611610e-002 -6.619685e-002 -8.354277e-002 1.233386e-001 7.307500e-002 1.311334e-001 1.277905e-001 -3.405958e-002 -9.535651e-002
<VARIANCE> 25
 1.796562e+001 3.479911e+001 3.380711e+001 6.277723e+001 4.163997e+001 6.530648e+001 6.990122e+001 6.982033e+001 6.978194e+001 9.316457e+001 6.450964e+001 3.168243e+001 3.816818e-001 1.054619e+000 1.239246e+000 1.772414e+000 1.970840e+000 2.621480e+000 2.528721e+000 2.541899e+000 2.071770e+000 2.602193e+000 2.392960e+000 1.641759e+000 5.698974e-001
<GCONST> 9.871916e+001
<STATE> 4
<MEAN> 25
 3.703323e+000 -2.221581e-001 -1.968780e-001 -3.322581e+000 -2.044159e+000 -2.892368e+000 -5.676863e+000 1.410352e-001 1.913996e-001 -7.158335e-001 -1.999644e+000 -1.138834e+000 -1.578091e-001 1.239886e-001 3.288342e-002 1.190738e-001 7.586981e-002 1.085102e-001 1.793546e-001 4.807294e-002 1.358939e-002 9.648804e-003 1.016738e-001 1.902476e-002 -2.688740e-001
<VARIANCE> 25
 2.684352e+001 2.814895e+001 2.779666e+001 7.490231e+001 3.239070e+001 4.913997e+001 7.745088e+001 5.349009e+001 3.826416e+001 4.785006e+001 4.281058e+001 2.499773e+001 3.419411e-001 7.810656e-001 9.060054e-001 1.554008e+000 1.502214e+000 1.656765e+000 1.966037e+000 2.233572e+000 1.623194e+000 1.847612e+000 1.678216e+000 1.313408e+000 6.372490e-001
<GCONST> 9.325680e+001
<TRANSP> 5
 0.000000e+000 1.000000e+000 0.000000e+000 0.000000e+000 0.000000e+000
 0.000000e+000 8.016719e-001 1.983281e-001 0.000000e+000 0.000000e+000
 0.000000e+000 0.000000e+000 7.987134e-001 2.012866e-001 0.000000e+000
 0.000000e+000 0.000000e+000 0.000000e+000 9.323702e-001 6.762975e-002
 0.000000e+000 0.000000e+000 0.000000e+000 0.000000e+000 0.000000e+000
<ENDHMM>
~h "m"
<BEGINHMM>
<NUMSTATES> 5
<STATE> 2
<MEAN> 25
 3.776841e+000 1.068137e+000 -6.782764e-001 9.756619e-001 7.194574e-001 9.012169e-001 5.841748e-002 -1.633063e+000 -1.514167e-001 -2.935967e-001 -1.469249e+000 -2.068170e+000 -1.474226e-001 2.877225e-001 1.687919e-001 3.958507e-001 2.084821e-001 3.089685e-001 1.081624e-001 -2.683989e-001 -4.407930e-002 9.917486e-002 -1.183977e-001 -1.019222e-001 -4.078739e-001
<VARIANCE> 25
 2.773538e+001 3.518426e+001 2.956912e+001 6.652958e+001 4.292494e+001 4.126925e+001 4.523526e+001 9.541424e+001 5.683420e+001 3.932519e+001 3.750080e+001 2.720055e+001 4.611702e-001 1.409261e+000 1.560360e+000 2.720260e+000 2.422559e+000 2.143559e+000 2.047326e+000 3.632974e+000 2.646485e+000 2.028710e+000 2.333783e+000 2.005238e+000 1.102115e+000
<GCONST> 9.889361e+001
<STATE> 3
<MEAN> 25
 3.353986e+000 1.662872e+000 -9.992719e-002 1.717470e+000 1.270971e+000 1.791977e+000 4.772413e-001 -1.915832e+000 2.463521e-002 8.032786e-002 -1.688203e+000 -2.428223e+000 -1.379809e-001 1.560410e-001 1.433954e-001 1.676004e-001 1.258292e-001 2.133438e-001 7.210789e-002 -5.880313e-002 1.931468e-003 3.583992e-002 -5.385905e-002 -4.983577e-002 -2.309032e-001
<VARIANCE> 25
 2.698603e+001 3.565038e+001 2.991090e+001 6.280474e+001 4.491060e+001 3.588511e+001 4.693871e+001 1.082852e+002 6.387424e+001 4.228433e+001 3.753391e+001 3.307143e+001 4.857475e-001 1.425659e+000 1.402276e+000 2.870242e+000 2.423439e+000 2.121120e+000 2.092668e+000 3.850422e+000 2.390157e+000 2.152241e+000 2.055191e+000 2.044389e+000 1.192286e+000
<GCONST> 9.929614e+001
<STATE> 4
<MEAN> 25
 2.334844e+000 6.451674e-001 -1.575343e-001 6.114328e-001 1.277435e+000 1.859387e+000 -1.599617e-001 -7.050221e-003 1.494906e+000 6.648165e-001 -1.620876e+000 -2.773174e+000 -1.350887e-001 -4.514482e-002 -3.239378e-002 -4.528566e-002 8.189565e-002 -4.649223e-002 3.380047e-003 2.271426e-001 8.653735e-002 -3.502312e-002 4.403004e-002 9.120176e-002 -5.005571e-002
<VARIANCE> 25
 2.895907e+001 3.981203e+001 3.066430e+001 7.879728e+001 5.144503e+001 2.993687e+001 6.924213e+001 9.434954e+001 6.146806e+001 4.159511e+001 3.784349e+001 3.975720e+001 5.184718e-001 1.438753e+000 1.326614e+000 3.325853e+000 2.496851e+000 1.898495e+000 2.318965e+000 4.022648e+000 2.520433e+000 2.312659e+000 2.003186e+000 1.970151e+000 1.462248e+000
<GCONST> 1.005700e+002
<TRANSP> 5
 0.000000e+000 1.000000e+000 0.000000e+000 0.000000e+000 0.000000e+000
 0.000000e+000 7.246344e-001 2.753657e-001 0.000000e+000 0.000000e+000
 0.000000e+000 0.000000e+000 7.279903e-001 2.720097e-001 0.000000e+000
 0.000000e+000 0.000000e+000 0.000000e+000 8.910016e-001 1.089984e-001
 0.000000e+000 0.000000e+000 0.000000e+000 0.000000e+000 0.000000e+000
<ENDHMM>
~h "n"
<BEGINHMM>
<NUMSTATES> 5
<STATE> 2
<MEAN> 25
 3.655073e+000 -1.319764e-001 -8.828980e-001 1.170956e-001 7.520776e-001 1.726622e+000 4.455937e-001 -1.350513e+000 -8.956631e-001 -1.428145e+000 -2.098416e+000 -1.421022e+000 -4.222211e-002 1.920701e-001 2.224133e-001 2.048092e-001 1.737126e-001 2.523937e-001 1.091725e-001 -1.140391e-001 -5.359578e-002 -5.964991e-002 -1.650274e-001 -1.895970e-001 -1.799038e-001
<VARIANCE> 25
 3.077419e+001 4.578030e+001 4.674367e+001 4.714035e+001 6.068412e+001 4.846110e+001 4.513064e+001 4.481136e+001 3.382708e+001 3.405612e+001 4.028641e+001 3.551843e+001 1.119465e+000 3.329671e+000 2.865694e+000 2.665105e+000 2.737403e+000 2.698119e+000 2.405598e+000 3.616701e+000 2.621362e+000 2.315938e+000 2.840785e+000 2.631523e+000 1.779261e+000
<GCONST> 1.027121e+002
<STATE> 3
<MEAN> 25
 3.302006e+000 4.371145e-001 -5.322528e-001 7.083719e-001 1.128851e+000 2.197921e+000 9.757057e-001 -1.191467e+000 -7.659346e-001 -1.368325e+000 -2.267772e+000 -1.601137e+000 -1.460408e-001 1.790402e-001 6.811427e-002 1.840646e-001 5.914376e-002 6.520075e-002 1.273365e-001 -8.495527e-003 3.603198e-002 -9.267529e-003 -3.985133e-002 7.658331e-003 -2.477834e-001
<VARIANCE> 25
 2.925014e+001 4.435330e+001 4.715788e+001 4.069194e+001 5.915083e+001 4.944859e+001 4.724648e+001 4.385402e+001 3.120480e+001 3.324109e+001 3.802976e+001 3.260929e+001 9.380288e-001 2.526609e+000 2.625689e+000 2.065712e+000 2.357431e+000 2.277924e+000 2.117474e+000 2.999192e+000 2.230184e+000 2.083672e+000 2.462630e+000 2.231790e+000 1.267406e+000
<GCONST> 9.991947e+001
<STATE> 4
<MEAN> 25
 3.341698e-001 1.233989e+000 -2.536992e-001 1.628259e+000 1.501400e+000 2.562464e+000 1.705640e+000 -5.086717e-001 1.065420e-001 -1.354823e-001 -1.686654e+000 -1.342166e+000 -1.948031e-001 -1.654724e-002 -4.298149e-002 7.136743e-002 3.331504e-002 -3.860889e-002 4.980133e-002 7.975596e-002 2.456466e-002 7.179380e-002 1.205743e-001 1.249304e-001 -1.779041e-001
<VARIANCE> 25
 2.779737e+001 3.104342e+001 3.375853e+001 2.987929e+001 3.240826e+001 3.322721e+001 3.893166e+001 3.628451e+001 2.710017e+001 2.972123e+001 3.304820e+001 2.327836e+001 5.172313e-001 1.005666e+000 1.341703e+000 1.169949e+000 1.387059e+000 1.475691e+000 1.620852e+000 1.936359e+000 1.584984e+000 1.517058e+000 1.599233e+000 1.353051e+000 6.191168e-001
<GCONST> 9.002266e+001
<TRANSP> 5
 0.000000e+000 1.000000e+000 0.000000e+000 0.000000e+000 0.000000e+000
 0.000000e+000 6.614708e-001 3.385293e-001 0.000000e+000 0.000000e+000
 0.000000e+000 0.000000e+000 6.540918e-001 3.459081e-001 0.000000e+000
 0.000000e+000 0.000000e+000 0.000000e+000 8.478831e-001 1.521170e-001
 0.000000e+000 0.000000e+000 0.000000e+000 0.000000e+000 0.000000e+000
<ENDHMM>
~h "o"
<BEGINHMM>
<NUMSTATES> 5
<STATE> 2
<MEAN> 25
 3.893366e+000 7.532485e-001 8.972700e-001 -4.545076e+000 -5.297092e+000 -1.505541e+000 -4.203945e+000 8.941748e-001 3.002905e+000 8.964247e-001 1.489496e+000 -1.000176e+000 4.190388e-001 1.974758e-001 -3.811365e-002 -2.941285e-002 -2.261555e-001 -3.254010e-001 -1.348261e-001 2.072937e-001 2.369690e-001 -1.349493e-001 -6.655940e-002 9.141618e-002 2.125174e-001
<VARIANCE> 25
 3.413746e+001 2.434763e+001 3.303031e+001 8.936359e+001 1.170203e+002 9.516637e+001 5.813704e+001 5.065849e+001 1.215567e+002 3.910513e+001 3.648395e+001 2.153758e+001 1.576623e+000 2.157320e+000 1.404652e+000 3.598924e+000 4.640855e+000 4.901994e+000 2.860750e+000 2.595646e+000 4.788602e+000 2.176643e+000 1.986821e+000 1.365321e+000 1.664077e+000
<GCONST> 1.049243e+002
<STATE> 3
<MEAN> 25
 4.415539e+000 1.546391e+000 4.319497e-001 -4.235898e+000 -5.381266e+000 -2.601350e+000 -3.628040e+000 1.424555e+000 3.374577e+000 5.191739e-001 8.812777e-001 -7.244898e-001 2.331247e-002 1.132712e-001 -1.322757e-001 1.007710e-001 1.662429e-001 -5.458324e-002 1.478853e-001 4.660866e-004 -5.212044e-002 2.619614e-002 -3.499588e-002 9.768542e-002 -1.656173e-001
<VARIANCE> 25
 3.010949e+001 2.552277e+001 3.031003e+001 9.282985e+001 1.099279e+002 1.016858e+002 5.201853e+001 5.264062e+001 1.120436e+002 4.076906e+001 3.227153e+001 2.170511e+001 9.837735e-001 1.602887e+000 1.131487e+000 2.435403e+000 3.256629e+000 3.570700e+000 2.268996e+000 2.574354e+000 3.638451e+000 2.219400e+000 1.705590e+000 1.309041e+000 1.210901e+000
<GCONST> 1.015198e+002
<STATE> 4
<MEAN> 25
 3.538911e+000 9.985327e-001 -6.264565e-001 -5.189683e+000 -1.740911e+000 -2.214298e-001 -2.902448e+000 -7.142882e-001 1.404291e+000 1.053738e+000 1.221218e+000 -9.468200e-001 -1.487357e-001 -1.096141e-001 -4.060495e-002 2.451189e-001 6.996189e-002 -3.894017e-002 1.970085e-001 -6.843639e-003 -1.630345e-001 1.976984e-002 6.095709e-004 4.107536e-002 -1.677536e-001
<VARIANCE> 25
 3.042459e+001 3.044558e+001 2.775247e+001 1.233080e+002 7.532682e+001 7.207138e+001 5.839516e+001 4.393161e+001 6.120546e+001 3.712032e+001 2.655153e+001 2.826046e+001 8.114231e-001 1.088703e+000 1.353052e+000 3.856201e+000 2.672062e+000 2.911708e+000 2.351022e+000 2.544265e+000 2.576561e+000 2.252322e+000 1.731306e+000 1.515004e+000 1.314400e+000
<GCONST> 1.000789e+002
<TRANSP> 5
 0.000000e+000 1.000000e+000 0.000000e+000 0.000000e+000 0.000000e+000
 0.000000e+000 7.495298e-001 2.504702e-001 0.000000e+000 0.000000e+000
 0.000000e+000 0.000000e+000 7.484320e-001 2.515680e-001 0.000000e+000
 0.000000e+000 0.000000e+000 0.000000e+000 8.599036e-001 1.400963e-001
 0.000000e+000 0.000000e+000 0.000000e+000 0.000000e+000 0.000000e+000
<ENDHMM>
~h "p"
<BEGINHMM>
<NUMSTATES> 5
<STATE> 2
<MEAN> 25
 -1.003018e+000 1.799492e+000 -9.704057e-001 -3.100802e-001 1.412419e-001 1.357403e+000 1.670542e+000 9.107648e-001 2.132511e+000 2.992487e+000 1.560028e+000 6.523378e-001 -3.005741e-001 -1.340477e-001 -3.097081e-002 -1.150171e-001 1.087610e-002 2.375028e-002 3.672008e-002 -1.668793e-001 1.790327e-001 1.031326e-001 1.010698e-001 6.963361e-002 -1.289579e-002
<VARIANCE> 25
 2.688944e+001 2.153237e+001 2.368546e+001 3.287948e+001 3.473330e+001 4.647440e+001 3.992162e+001 3.018527e+001 4.933260e+001 3.049728e+001 2.619664e+001 1.699814e+001 1.596713e+000 2.149385e+000 1.578008e+000 2.396097e+000 1.912976e+000 2.789220e+000 2.684437e+000 2.542580e+000 4.050304e+000 3.022720e+000 2.045908e+000 1.583473e+000 3.279561e+000
<GCONST> 9.788808e+001
<STATE> 3
<MEAN> 25
 -2.433852e+000 1.543566e+000 -9.989692e-001 -3.652139e-002 5.020450e-001 1.886502e+000 2.057300e+000 5.255564e-001 2.140595e+000 3.027639e+000 1.543300e+000 7.920828e-001 -1.747386e-001 -8.563753e-002 -3.857313e-002 -4.414234e-002 2.805877e-002 -5.440119e-003 -7.880230e-002 -1.520714e-001 -7.432239e-002 -5.438822e-002 -1.699822e-002 3.121542e-002 -4.974987e-002
<VARIANCE> 25
 2.151864e+001 1.650383e+001 1.978290e+001 2.432556e+001 2.686804e+001 3.738152e+001 3.302672e+001 2.482407e+001 4.333357e+001 2.280591e+001 2.032185e+001 1.482606e+001 1.101511e+000 1.388130e+000 1.150254e+000 1.887066e+000 1.431942e+000 2.074731e+000 2.109023e+000 1.760347e+000 2.565476e+000 2.111123e+000 1.684970e+000 1.333666e+000 1.570596e+000
<GCONST> 9.077180e+001
<STATE> 4
<MEAN> 25
 -3.336459e+000 1.082472e+000 -9.617909e-001 1.087350e+000 9.670153e-001 1.775326e+000 2.485709e+000 2.523123e-001 1.617270e+000 2.210882e+000 1.294959e+000 1.167897e+000 1.639112e-001 -7.264461e-002 2.335576e-002 -1.191764e-001 -1.288917e-001 -1.308946e-001 -1.786882e-001 -4.913380e-002 -5.377594e-002 -1.453820e-001 -6.140056e-002 -4.718930e-002 2.120055e-001
<VARIANCE> 25
 1.866607e+001 1.302992e+001 1.596471e+001 2.449246e+001 2.133598e+001 2.648282e+001 2.681699e+001 2.309509e+001 3.287694e+001 1.981951e+001 1.362435e+001 1.326636e+001 1.280655e+000 1.062882e+000 1.038837e+000 1.609398e+000 1.461652e+000 1.978934e+000 1.803919e+000 1.600324e+000 2.299764e+000 1.668568e+000 1.319580e+000 1.146395e+000 1.268955e+000
<GCONST> 8.679321e+001
<TRANSP> 5
 0.000000e+000 1.000000e+000 0.000000e+000 0.000000e+000 0.000000e+000
 0.000000e+000 6.833170e-001 3.166830e-001 0.000000e+000 0.000000e+000
 0.000000e+000 0.000000e+000 7.247347e-001 2.752653e-001 0.000000e+000
 0.000000e+000 0.000000e+000 0.000000e+000 9.237626e-001 7.623743e-002
 0.000000e+000 0.000000e+000 0.000000e+000 0.000000e+000 0.000000e+000
<ENDHMM>
~h "r"
<BEGINHMM>
<NUMSTATES> 5
<STATE> 2
<MEAN> 25
 3.928842e+000 -1.454571e+000 -2.600868e+000 -3.507476e+000 -2.125338e+000 -1.574281e-002 -1.131018e+000 -3.189340e-001 -1.620093e+000 -1.120206e+000 1.251284e+000 1.786874e+000 -1.088815e-001 1.060610e-001 -3.766928e-002 1.031949e-001 -1.685108e-002 3.423945e-002 9.501704e-002 -6.041620e-002 -2.125386e-001 -1.081347e-001 -2.194530e-002 1.765581e-001 -2.627231e-001
<VARIANCE> 25
 3.381826e+001 5.114624e+001 4.933057e+001 7.408849e+001 5.121511e+001 7.423244e+001 4.883059e+001 4.201925e+001 6.553924e+001 4.065282e+001 3.946951e+001 3.485453e+001 1.031061e+000 2.857965e+000 1.927864e+000 3.001016e+000 2.611623e+000 2.960852e+000 2.763557e+000 2.845290e+000 3.198472e+000 2.451469e+000 2.284539e+000 2.017181e+000 1.996640e+000
<GCONST> 1.038130e+002
<STATE> 3
<MEAN> 25
 3.276062e+000 -9.827613e-001 -2.522385e+000 -2.746258e+000 -1.900003e+000 4.298185e-001 -5.608495e-001 -7.534024e-001 -1.808285e+000 -1.160092e+000 8.965659e-001 1.905378e+000 -2.105980e-001 1.534435e-001 2.896980e-002 2.599799e-001 6.677403e-002 4.165211e-002 1.530136e-001 -4.320014e-002 3.000018e-002 5.564779e-002 -8.682314e-002 -1.873876e-002 -4.293728e-001
<VARIANCE> 25
 3.435234e+001 4.101568e+001 4.758360e+001 6.821130e+001 5.404778e+001 6.921791e+001 4.377055e+001 3.727397e+001 6.199634e+001 3.860410e+001 3.911507e+001 3.395440e+001 8.296340e-001 1.987108e+000 1.687078e+000 2.343319e+000 2.343576e+000 2.708312e+000 2.470809e+000 2.483269e+000 2.873142e+000 2.273287e+000 2.331634e+000 1.887659e+000 1.514710e+000
<GCONST> 1.011894e+002
<STATE> 4
<MEAN> 25
 1.540719e+000 2.871422e-001 -2.244097e+000 -1.173386e+000 -1.242071e+000 4.872055e-001 -1.857941e-001 -2.611597e-001 -6.082014e-001 -7.483236e-001 -1.359357e-001 9.655221e-001 -2.743320e-001 1.861548e-001 3.455826e-002 2.802174e-001 1.665320e-001 7.722664e-002 1.601577e-001 7.852469e-002 1.976930e-001 1.123746e-001 -5.029894e-002 -1.609036e-002 -4.668405e-001
<VARIANCE> 25
 3.251993e+001 2.716867e+001 3.547678e+001 6.362121e+001 4.232489e+001 4.208726e+001 4.406794e+001 3.469133e+001 4.860818e+001 3.725373e+001 3.773650e+001 2.446267e+001 5.282201e-001 1.100709e+000 1.263945e+000 1.677088e+000 1.754686e+000 1.914993e+000 2.060573e+000 2.048051e+000 2.141831e+000 1.840219e+000 1.906720e+000 1.590566e+000 1.069816e+000
<GCONST> 9.500872e+001
<TRANSP> 5
 0.000000e+000 1.000000e+000 0.000000e+000 0.000000e+000 0.000000e+000
 0.000000e+000 6.879039e-001 3.120961e-001 0.000000e+000 0.000000e+000
 0.000000e+000 0.000000e+000 6.745270e-001 3.254730e-001 0.000000e+000
 0.000000e+000 0.000000e+000 0.000000e+000 8.129465e-001 1.870535e-001
 0.000000e+000 0.000000e+000 0.000000e+000 0.000000e+000 0.000000e+000
<ENDHMM>
~h "s"
<BEGINHMM>
<NUMSTATES> 5
<STATE> 2
<MEAN> 25
 -5.952399e+000 -3.744672e-001 3.027139e+000 -6.290751e-001 1.558402e-001 2.044374e-001 4.106758e+000 -5.104490e-001 -6.034093e-001 1.047534e+000 2.072534e+000 9.031832e-002 -5.177884e-001 -3.286145e-001 7.204072e-001 -3.693056e-001 -5.349962e-002 8.338929e-002 3.418458e-001 -5.283212e-003 1.357914e-001 -1.707222e-002 2.342993e-001 -3.554367e-002 8.536577e-001
<VARIANCE> 25
 9.435751e+001 1.266162e+002 1.406097e+002 9.010136e+001 9.201151e+001 5.596526e+001 7.648322e+001 5.270320e+001 7.911147e+001 4.898337e+001 3.934244e+001 2.883092e+001 6.417481e+000 6.744429e+000 6.719604e+000 6.314509e+000 5.085171e+000 4.089200e+000 5.832104e+000 3.934239e+000 3.506223e+000 3.493677e+000 3.344908e+000 2.457655e+000 5.058666e+000
<GCONST> 1.168432e+002
<STATE> 3
<MEAN> 25
 -1.006043e+001 -5.009245e+000 1.028974e+001 -4.383530e+000 -1.400591e+000 1.298435e+000 5.146312e+000 -7.375654e-001 -1.850103e+000 8.860496e-001 3.637729e+000 2.676345e-001 1.040757e-001 5.758283e-002 -1.071835e-001 3.219252e-002 1.521824e-001 -1.428066e-001 -2.144802e-001 -3.706662e-002 1.362005e-001 -8.759066e-002 -6.532579e-002 -4.798532e-002 1.212059e-001
<VARIANCE> 25
 9.120559e+001 1.379825e+002 1.671736e+002 5.990335e+001 1.073391e+002 6.633390e+001 5.784522e+001 5.352689e+001 6.028203e+001 5.328545e+001 3.538203e+001 2.833243e+001 6.493394e+000 3.643779e+000 5.849499e+000 3.920295e+000 3.979673e+000 3.053623e+000 4.058193e+000 3.203413e+000 2.971909e+000 2.989167e+000 2.495713e+000 1.914986e+000 1.159842e+000
<GCONST> 1.117481e+002
<STATE> 4
<MEAN> 25
 -1.039489e+001 2.056110e-001 4.306520e+000 -3.201530e+000 2.783242e+000 -7.673461e-001 3.929491e+000 -1.015758e+000 3.101911e-001 1.611292e+000 1.286622e+000 4.109223e-001 9.463204e-001 -5.683877e-002 -2.664095e-001 1.391482e-001 -2.346424e-001 -2.462241e-001 -5.013033e-001 -2.362409e-001 -4.695269e-002 -3.035012e-001 -2.896338e-001 -1.067441e-001 2.393348e-002
<VARIANCE> 25
 1.020588e+002 5.579565e+001 7.226584e+001 6.693972e+001 4.592608e+001 4.131807e+001 6.024616e+001 4.497876e+001 4.968859e+001 4.052066e+001 3.330780e+001 2.364333e+001 4.564737e+000 1.945892e+000 3.293180e+000 2.865133e+000 2.719216e+000 2.389358e+000 3.970713e+000 2.979419e+000 2.795387e+000 2.750357e+000 2.385353e+000 1.801916e+000 9.256381e-001
<GCONST> 1.049990e+002
<TRANSP> 5
 0.000000e+000 1.000000e+000 0.000000e+000 0.000000e+000 0.000000e+000
 0.000000e+000 8.941901e-001 1.058099e-001 0.000000e+000 0.000000e+000
 0.000000e+000 0.000000e+000 8.368259e-001 1.631741e-001 0.000000e+000
 0.000000e+000 0.000000e+000 0.000000e+000 8.788632e-001 1.211368e-001
 0.000000e+000 0.000000e+000 0.000000e+000 0.000000e+000 0.000000e+000
<ENDHMM>
~h "t"
<BEGINHMM>
<NUMSTATES> 5
<STATE> 2
<MEAN> 25
 -1.037288e+000 9.713299e-001 -1.467357e+000 -4.650107e-001 5.198521e-001 2.537950e-001 1.056642e+000 -1.125416e-001 1.879436e+000 1.254944e+000 -5.070266e-001 2.308973e-001 1.816843e-001 -3.551691e-001 1.120977e-001 -5.791298e-001 -4.110988e-003 -1.064390e-001 -2.173604e-001 -4.175488e-002 1.208290e-001 4.908129e-002 1.928587e-001 -8.532200e-002 1.038151e+000
<VARIANCE> 25
 3.028919e+001 3.983983e+001 2.830821e+001 6.703358e+001 4.012326e+001 4.265989e+001 5.239716e+001 4.359571e+001 6.429632e+001 3.775488e+001 3.279924e+001 2.825176e+001 2.773672e+000 3.496249e+000 2.354609e+000 6.874008e+000 3.457242e+000 3.703763e+000 5.940748e+000 3.817324e+000 5.085008e+000 3.858471e+000 2.830812e+000 2.778693e+000 1.160691e+001
<GCONST> 1.086140e+002
<STATE> 3
<MEAN> 25
 -1.301039e-001 2.200003e-001 -1.001583e+000 -2.020370e+000 -8.508389e-002 8.318196e-001 2.748762e-001 5.880166e-001 1.283917e+000 1.518356e+000 3.116427e-001 3.956243e-002 3.374591e-001 -9.953509e-002 -1.922253e-002 -2.465077e-001 -1.877293e-001 -6.208503e-002 -2.762468e-001 9.361123e-002 -3.175234e-001 -1.415323e-001 1.650686e-002 -5.198159e-002 3.417467e-001
<VARIANCE> 25
 3.054533e+001 3.925779e+001 2.817488e+001 6.632107e+001 4.020518e+001 4.466326e+001 5.379986e+001 4.019063e+001 6.219847e+001 4.013122e+001 3.186340e+001 2.384941e+001 2.131903e+000 2.353789e+000 1.826473e+000 3.694934e+000 2.446888e+000 3.997690e+000 4.577940e+000 3.228809e+000 4.941487e+000 3.532314e+000 2.521110e+000 1.927144e+000 3.992683e+000
<GCONST> 1.045181e+002
<STATE> 4
<MEAN> 25
 -4.997152e-001 4.845019e-001 -1.462047e+000 -1.201789e+000 2.419915e-001 1.083440e+000 7.494410e-001 1.038953e+000 1.161922e+000 1.525575e+000 2.115527e-001 1.957174e-001 2.032455e-001 -3.724058e-002 5.253129e-002 -8.215761e-002 -1.143492e-001 -1.790267e-001 -1.760901e-001 -9.710079e-002 -2.779300e-001 -2.243685e-001 -1.122401e-002 8.038336e-003 2.146212e-001
<VARIANCE> 25
 3.161898e+001 3.602060e+001 2.308031e+001 8.714391e+001 3.423595e+001 3.893234e+001 5.847145e+001 3.445135e+001 5.899295e+001 3.528576e+001 3.392692e+001 2.100985e+001 1.170147e+000 1.660217e+000 1.420994e+000 3.117709e+000 1.994522e+000 3.041149e+000 3.574016e+000 2.665575e+000 3.305715e+000 2.643508e+000 2.186686e+000 1.448374e+000 2.884658e+000
<GCONST> 1.001939e+002
<TRANSP> 5
 0.000000e+000 1.000000e+000 0.000000e+000 0.000000e+000 0.000000e+000
 0.000000e+000 7.478706e-001 2.521294e-001 0.000000e+000 0.000000e+000
 0.000000e+000 0.000000e+000 6.456466e-001 3.543535e-001 0.000000e+000
 0.000000e+000 0.000000e+000 0.000000e+000 8.019140e-001 1.980859e-001
 0.000000e+000 0.000000e+000 0.000000e+000 0.000000e+000 0.000000e+000
<ENDHMM>
~h "u"
<BEGINHMM>
<NUMSTATES> 5
<STATE> 2
<MEAN> 25
 4.332176e+000 4.649216e+000 2.379842e+000 -3.218458e+000 -3.337010e+000 -2.927155e-001 -5.400826e+000 -1.517263e+000 -3.775652e+000 -3.909667e+000 1.739094e-001 3.403158e-002 3.324255e-001 3.608352e-001 4.255018e-002 -2.267716e-001 -3.384102e-001 3.435132e-002 -3.348938e-001 -6.133441e-002 -3.288366e-001 -4.202835e-001 -7.384987e-002 1.660041e-002 3.821379e-002
<VARIANCE> 25
 2.972582e+001 3.624210e+001 4.407281e+001 9.948270e+001 5.176264e+001 6.472660e+001 6.120725e+001 5.413057e+001 7.862189e+001 8.022916e+001 4.495929e+001 2.929725e+001 1.085370e+000 2.246239e+000 1.722750e+000 3.196688e+000 2.662010e+000 4.226604e+000 3.599565e+000 2.975192e+000 3.373690e+000 4.088144e+000 2.533402e+000 2.048907e+000 1.122670e+000
<GCONST> 1.052458e+002
<STATE> 3
<MEAN> 25
 4.936432e+000 5.262679e+000 2.227346e+000 -3.596869e+000 -3.988519e+000 -1.640137e-001 -5.577009e+000 -1.565661e+000 -4.181461e+000 -4.472344e+000 -1.208727e-001 -2.465400e-001 4.343022e-002 4.078912e-002 -1.622061e-001 -1.654639e-002 -4.421289e-002 8.803396e-002 6.505708e-002 -2.811808e-002 -4.346834e-002 -3.391392e-002 -7.639047e-002 -2.562032e-002 -1.082347e-001
<VARIANCE> 25
 2.603329e+001 3.442339e+001 4.052388e+001 9.585126e+001 4.785865e+001 6.380321e+001 5.595694e+001 5.373461e+001 8.152478e+001 7.513261e+001 4.497449e+001 2.977409e+001 7.397499e-001 1.627567e+000 1.451374e+000 2.800060e+000 2.455178e+000 3.217493e+000 2.978174e+000 2.652556e+000 2.827980e+000 3.240246e+000 2.486820e+000 1.998181e+000 8.828391e-001
<GCONST> 1.023776e+002
<STATE> 4
<MEAN> 25
 4.069219e+000 4.447714e+000 3.888784e-001 -3.612046e+000 -2.931716e+000 6.445501e-001 -4.441603e+000 -2.198068e+000 -4.269136e+000 -2.805452e+000 4.841113e-002 -3.796349e-001 -2.080607e-001 -1.907887e-001 -1.769160e-001 2.762829e-001 1.901762e-001 2.390232e-002 2.968369e-001 -1.234686e-002 1.694760e-001 2.136752e-001 -6.905316e-002 3.157270e-002 -2.296241e-001
<VARIANCE> 25
 2.829791e+001 3.404192e+001 3.089124e+001 9.465495e+001 3.602089e+001 4.212823e+001 5.784795e+001 4.213533e+001 6.496729e+001 5.578710e+001 4.266808e+001 2.888670e+001 3.960054e-001 9.846407e-001 1.002828e+000 2.134161e+000 1.628759e+000 1.848516e+000 2.081510e+000 2.018704e+000 2.080652e+000 2.222357e+000 2.026288e+000 1.521353e+000 7.216943e-001
<GCONST> 9.592154e+001
<TRANSP> 5
 0.000000e+000 1.000000e+000 0.000000e+000 0.000000e+000 0.000000e+000
 0.000000e+000 7.485353e-001 2.514646e-001 0.000000e+000 0.000000e+000
 0.000000e+000 0.000000e+000 7.431940e-001 2.568060e-001 0.000000e+000
 0.000000e+000 0.000000e+000 0.000000e+000 8.920366e-001 1.079635e-001
 0.000000e+000 0.000000e+000 0.000000e+000 0.000000e+000 0.000000e+000
<ENDHMM>
~h "w"
<BEGINHMM>
<NUMSTATES> 5
<STATE> 2
<MEAN> 25
 5.639230e+000 -1.273904e+000 1.046596e+000 -4.979446e+000 -7.813359e+000 -2.261910e+000 7.257010e-001 5.305799e+000 9.979902e+000 -3.791799e+000 -3.241836e+000 2.399401e+000 -4.324321e-002 -6.501538e-002 -2.282679e-001 -4.835955e-002 8.644836e-002 2.657525e-001 2.880151e-001 4.225078e-001 2.549530e-001 9.022418e-002 1.640177e-001 1.096447e-001 -1.155116e-001
<VARIANCE> 25
 2.801128e+001 9.938068e+001 3.740516e+001 3.960546e+001 5.278377e+001 7.922691e+001 5.012192e+001 3.578032e+001 1.209258e+002 2.996098e+001 3.172569e+001 2.284918e+001 4.209629e-001 3.748014e+000 2.160618e+000 1.192674e+000 2.892093e+000 3.078123e+000 2.151594e+000 2.897069e+000 4.611634e+000 1.756171e+000 2.146113e+000 1.998023e+000 9.675469e-001
<GCONST> 1.007241e+002
<STATE> 3
<MEAN> 25
 3.392158e+000 -1.992265e+000 -3.433227e-001 -2.542876e+000 -3.871489e+000 1.928140e-001 4.690597e+000 6.466782e+000 6.395501e+000 -8.124574e-001 -1.608430e-001 2.708027e+000 -7.251729e-002 -2.317040e-003 -3.694692e-001 2.009776e-001 3.808102e-001 2.782773e-001 3.670082e-001 4.769513e-002 -2.443499e-001 2.221692e-001 3.463239e-001 1.026182e-001 -2.116938e-001
<VARIANCE> 25
 4.074949e+001 6.959518e+001 4.725822e+001 5.550579e+001 5.415081e+001 9.988620e+001 4.997086e+001 4.992582e+001 1.095908e+002 3.942775e+001 3.234138e+001 2.577192e+001 3.865103e-001 2.661680e+000 1.700079e+000 1.040341e+000 2.151919e+000 3.084541e+000 2.225856e+000 2.967945e+000 3.551918e+000 1.881446e+000 1.769985e+000 1.911944e+000 6.896671e-001
<GCONST> 1.004102e+002
<STATE> 4
<MEAN> 25
 -1.979720e+000 1.011781e+000 -1.937708e-001 -2.988509e-001 2.059932e+000 1.560821e+000 6.049714e+000 1.975743e+000 3.642924e-001 2.925035e+000 2.064138e+000 2.879385e-001 -1.071713e-001 2.760602e-003 -9.246024e-002 4.077888e-002 1.459219e-001 -5.071680e-002 -7.941189e-002 -7.647599e-002 -1.046397e-001 3.760979e-002 -1.294687e-002 -5.298507e-002 -1.093460e-001
<VARIANCE> 25
 5.460760e+001 3.769217e+001 2.564975e+001 1.383454e+002 2.717025e+001 3.714100e+001 4.960618e+001 2.406424e+001 3.595603e+001 3.028054e+001 2.367492e+001 1.714320e+001 2.531030e-001 1.141553e+000 6.376008e-001 1.177747e+000 1.012163e+000 1.898193e+000 1.591636e+000 1.531830e+000 1.663841e+000 1.529571e+000 1.108533e+000 1.383218e+000 3.733363e-001
<GCONST> 8.914384e+001
<TRANSP> 5
 0.000000e+000 1.000000e+000 0.000000e+000 0.000000e+000 0.000000e+000
 0.000000e+000 8.686243e-001 1.313757e-001 0.000000e+000 0.000000e+000
 0.000000e+000 0.000000e+000 7.923246e-001 2.076754e-001 0.000000e+000
 0.000000e+000 0.000000e+000 0.000000e+000 9.230900e-001 7.691000e-002
 0.000000e+000 0.000000e+000 0.000000e+000 0.000000e+000 0.000000e+000
<ENDHMM>
~h "y"
<BEGINHMM>
<NUMSTATES> 5
<STATE> 2
<MEAN> 25
 4.996579e+000 -6.999827e+000 3.346779e-001 9.936626e-001 2.044266e+000 -6.188138e+000 -6.192499e+000 -2.939903e+000 -2.636576e+000 -2.299237e+000 1.595695e+000 1.143443e-001 -9.770837e-002 -4.650443e-002 4.672781e-001 4.468799e-001 -3.253194e-004 -5.058743e-001 -5.230229e-001 4.161171e-002 -1.499678e-001 -1.024707e-001 6.955861e-002 -2.297218e-001 2.091076e-001
<VARIANCE> 25
 9.864667e+000 3.788616e+001 4.998965e+001 1.109536e+002 6.485940e+001 4.074416e+001 5.609907e+001 5.567271e+001 3.711934e+001 3.404065e+001 5.557772e+001 4.079401e+001 4.525539e-001 1.397871e+000 2.149152e+000 2.606687e+000 2.299670e+000 2.105239e+000 3.025702e+000 2.328295e+000 2.320320e+000 2.723154e+000 3.239528e+000 2.529759e+000 1.160360e+000
<GCONST> 1.001761e+002
<STATE> 3
<MEAN> 25
 4.378155e+000 -6.461817e+000 2.718491e+000 1.797860e+000 8.515915e-001 -7.881783e+000 -7.240952e+000 -2.214080e+000 -3.352534e+000 -2.760351e+000 1.200962e+000 -7.192484e-001 -9.974559e-003 1.556498e-001 1.538601e-001 -1.171722e-001 -4.407703e-001 -1.481219e-001 3.421477e-002 1.606407e-002 -1.870744e-001 1.389166e-001 1.985825e-001 1.733804e-001 3.534969e-002
<VARIANCE> 25
 1.001873e+001 4.124295e+001 6.767143e+001 1.235200e+002 7.687550e+001 4.359485e+001 5.889513e+001 6.064347e+001 3.040514e+001 3.265808e+001 6.045328e+001 3.598741e+001 4.613370e-001 1.257401e+000 2.977284e+000 2.675600e+000 2.620582e+000 2.450635e+000 3.520349e+000 2.558304e+000 1.886212e+000 2.802003e+000 3.209844e+000 2.291222e+000 7.688575e-001
<GCONST> 1.008712e+002
<STATE> 4
<MEAN> 25
 3.824026e+000 -5.437088e+000 5.481388e+000 -6.861923e+000 -4.890972e+000 -5.732269e+000 -4.286070e+000 5.165491e-001 -3.239135e+000 -8.819194e-001 -8.692480e-001 3.794688e-002 5.399752e-002 7.356046e-002 -2.535122e-001 -8.219621e-002 2.493112e-002 1.699985e-001 1.731180e-001 4.430121e-002 1.454124e-001 2.302351e-002 -6.637795e-002 3.235460e-002 -1.950181e-001
<VARIANCE> 25
 1.365765e+001 5.232256e+001 1.140561e+002 7.105782e+001 6.651349e+001 3.341466e+001 4.811046e+001 7.210256e+001 3.818542e+001 2.878310e+001 6.018711e+001 2.497932e+001 4.516259e-001 2.081402e+000 2.413475e+000 1.813332e+000 3.238033e+000 1.882796e+000 2.886669e+000 3.539440e+000 1.942989e+000 2.031115e+000 2.829426e+000 1.580085e+000 1.121344e+000
<GCONST> 1.002256e+002
<TRANSP> 5
 0.000000e+000 1.000000e+000 0.000000e+000 0.000000e+000 0.000000e+000
 0.000000e+000 8.569186e-001 1.430814e-001 0.000000e+000 0.000000e+000
 0.000000e+000 0.000000e+000 8.452298e-001 1.547702e-001 0.000000e+000
 0.000000e+000 0.000000e+000 0.000000e+000 9.580922e-001 4.190778e-002
 0.000000e+000 0.000000e+000 0.000000e+000 0.000000e+000 0.000000e+000
<ENDHMM>
~h "z"
<BEGINHMM>
<NUMSTATES> 5
<STATE> 2
<MEAN> 25
 -5.842838e+000 -9.074128e-001 2.822654e+000 6.071786e+000 -3.878692e-001 -6.812124e-001 8.547017e+000 7.635837e-001 -1.966287e+000 4.229039e+000 -7.996191e-001 1.130034e+000 -6.400852e-004 1.561921e-001 8.069519e-002 2.613706e-001 7.682168e-002 -3.263429e-002 8.271379e-004 -1.907702e-001 -2.446287e-001 2.939045e-002 1.202254e-001 -3.299367e-002 -1.207169e-001
<VARIANCE> 25
 3.745967e+000 1.123666e+001 2.978912e+001 2.537212e+001 1.306820e+001 1.550768e+001 4.271024e+001 2.091565e+001 2.538073e+001 4.229081e+001 2.381231e+001 1.298797e+001 1.807748e-001 4.189744e-001 9.148335e-001 8.053274e-001 1.131526e+000 1.032461e+000 1.628599e+000 2.117944e+000 2.183384e+000 2.609335e+000 1.900688e+000 1.263531e+000 9.985241e-002
<GCONST> 7.995357e+001
<STATE> 3
<MEAN> 25
 -3.933864e+000 4.991079e+000 3.870390e+000 5.963186e+000 4.826953e+000 2.473947e+000 1.101428e+000 -4.494925e+000 -3.275468e+000 1.255250e+000 -1.573624e+000 -1.096914e+000 2.333713e-002 -8.672341e-003 3.256951e-001 -2.408075e-001 5.491498e-001 -5.960571e-001 -9.027043e-002 6.211975e-002 -8.364027e-001 6.618193e-001 1.461105e-001 6.537578e-003 2.389515e-001
<VARIANCE> 25
 2.767246e+000 5.670111e+000 3.124655e+001 2.556229e+001 1.848919e+001 2.471287e+001 4.206363e+001 3.590619e+001 2.457763e+001 2.809579e+001 1.018049e+001 2.350519e+001 3.298250e-001 6.153221e-001 4.515045e-001 1.337449e+000 6.525078e-001 8.025042e-001 2.276655e+000 4.083681e+000 2.074688e+000 1.667704e+000 9.019495e-001 1.385328e+000 3.044412e-001
<GCONST> 8.060104e+001
<STATE> 4
<MEAN> 25
 4.175953e+000 3.196112e+000 2.110065e+000 -2.594749e+000 -4.548057e+000 -1.316468e+000 -3.876859e+000 -1.949545e+000 -9.240445e+000 -3.712801e+000 3.240844e+000 -2.586825e+000 1.175343e-001 -1.340420e-001 -2.958456e-002 -2.081714e-001 1.111691e-002 -2.589204e-002 -6.290155e-002 1.343651e-001 4.296578e-002 -2.113291e-001 1.186109e-002 -4.544759e-002 3.457390e-001
<VARIANCE> 25
 3.027887e+001 3.729959e+001 1.324775e+001 9.550285e+001 5.444231e+001 3.175369e+001 8.534614e+001 2.979153e+001 9.850169e+001 4.184632e+001 2.087242e+001 3.371221e+001 6.118488e-001 1.106439e+000 6.949603e-001 2.367776e+000 1.872811e+000 3.379933e+000 4.705331e+000 1.613925e+000 2.028875e+000 1.663371e+000 1.335914e+000 1.409185e+000 4.231132e+000
<GCONST> 9.756781e+001
<TRANSP> 5
 0.000000e+000 1.000000e+000 0.000000e+000 0.000000e+000 0.000000e+000
 0.000000e+000 9.654658e-001 3.453422e-002 0.000000e+000 0.000000e+000
 0.000000e+000 0.000000e+000 7.781990e-001 2.218010e-001 0.000000e+000
 0.000000e+000 0.000000e+000 0.000000e+000 9.674280e-001 3.257206e-002
 0.000000e+000 0.000000e+000 0.000000e+000 0.000000e+000 0.000000e+000
<ENDHMM>
~h "ai"
<BEGINHMM>
<NUMSTATES> 5
<STATE> 2
<MEAN> 25
 5.685644e+000 -4.671075e+000 2.250856e+000 -3.441971e+000 -7.829610e-002 -3.567230e+000 -2.992023e+000 1.685560e+000 9.631502e-001 -2.282024e+000 -7.608829e-001 -8.489699e-001 -3.636925e-002 -1.605459e-001 4.313506e-001 8.606714e-003 3.271563e-001 -2.516860e-001 1.277974e-001 2.789215e-001 3.896018e-003 -1.818434e-001 1.590198e-001 -1.189869e-001 2.923715e-001
<VARIANCE> 25
 2.091057e+001 9.764201e+001 8.484655e+001 1.363725e+002 1.204436e+002 5.947384e+001 6.215871e+001 5.409451e+001 9.047057e+001 6.947354e+001 6.807098e+001 3.210098e+001 1.060750e+000 3.596987e+000 4.261803e+000 5.096159e+000 6.971222e+000 3.580424e+000 4.297561e+000 4.373171e+000 3.853835e+000 4.122520e+000 4.351866e+000 2.460090e+000 1.821378e+000
<GCONST> 1.126613e+002
<STATE> 3
<MEAN> 25
 4.303721e+000 -6.311173e+000 4.612413e+000 -5.622589e-003 2.704401e+000 -4.835994e+000 -1.855038e+000 2.103034e+000 -2.983076e-001 -3.009205e+000 1.283914e+000 -1.985009e+000 -3.347327e-001 2.385634e-001 5.573122e-001 3.878029e-001 -7.719795e-002 3.239587e-002 6.406312e-002 -2.017261e-002 -1.783428e-001 1.460834e-001 6.285011e-003 -1.384461e-001 -4.294739e-001
<VARIANCE> 25
 1.491731e+001 5.719327e+001 7.822790e+001 1.905426e+002 1.253072e+002 4.736369e+001 5.308357e+001 3.423100e+001 6.722459e+001 4.428649e+001 5.075700e+001 2.769795e+001 4.573438e-001 1.774014e+000 2.423452e+000 3.189708e+000 4.087428e+000 2.723022e+000 2.798552e+000 2.693257e+000 3.217981e+000 2.579904e+000 2.964729e+000 1.860734e+000 1.045981e+000
<GCONST> 1.038809e+002
<STATE> 4
<MEAN> 25
 1.340080e-001 -1.802633e+000 5.873961e+000 2.490690e+000 3.865375e-001 -1.215066e+000 -1.241204e+000 1.055900e+000 -2.315369e+000 -3.330520e-001 1.556432e+000 -1.490349e+000 -2.570755e-001 3.507262e-001 -2.310448e-001 2.524816e-001 9.367523e-002 3.225679e-001 1.271288e-001 -7.636520e-002 1.143361e-001 1.340145e-001 -7.377139e-002 8.716980e-002 -6.455190e-001
<VARIANCE> 25
 1.664379e+001 5.432174e+001 1.185928e+002 1.554918e+002 1.057479e+002 5.235151e+001 5.714863e+001 3.999412e+001 5.891820e+001 3.672218e+001 4.138522e+001 3.049136e+001 4.660046e-001 2.044716e+000 3.629617e+000 5.071599e+000 3.007013e+000 2.495159e+000 2.549048e+000 3.069851e+000 2.814322e+000 2.639060e+000 2.520772e+000 1.734892e+000 2.842034e+000
<GCONST> 1.052118e+002
<TRANSP> 5
 0.000000e+000 1.000000e+000 0.000000e+000 0.000000e+000 0.000000e+000
 0.000000e+000 8.907176e-001 1.092825e-001 0.000000e+000 0.000000e+000
 0.000000e+000 0.000000e+000 8.244241e-001 1.755760e-001 0.000000e+000
 0.000000e+000 0.000000e+000 0.000000e+000 9.294797e-001 7.052029e-002
 0.000000e+000 0.000000e+000 0.000000e+000 0.000000e+000 0.000000e+000
<ENDHMM>
~h "au"
<BEGINHMM>
<NUMSTATES> 5
<STATE> 2
<MEAN> 25
 5.289219e+000 -4.087243e+000 -7.185533e+000 -6.368064e+000 -4.696226e+000 -4.937262e+000 3.953634e+000 8.088993e+000 -9.742845e-001 -6.752704e+000 -2.013295e+000 1.665880e+000 4.777260e-002 2.823899e-002 -2.900968e-002 3.755200e-002 -4.697993e-001 -2.613441e-001 4.850696e-001 5.885329e-001 4.067948e-001 -8.309256e-002 1.430268e-001 -9.624846e-002 1.504564e-001
<VARIANCE> 25
 1.804705e+001 3.294809e+001 3.345319e+001 3.718611e+001 5.413967e+001 4.081952e+001 2.779529e+001 5.971120e+001 1.907573e+001 6.277884e+001 1.359128e+001 3.332955e+001 4.498067e-001 1.155473e+000 1.257933e+000 7.837213e-001 1.012013e+000 1.058029e+000 2.098161e+000 2.775050e+000 1.169416e+000 1.766907e+000 2.007735e+000 7.549744e-001 3.033470e-001
<GCONST> 8.889016e+001
<STATE> 3
<MEAN> 25
 5.061864e+000 -1.653746e+000 -5.232664e+000 -5.913795e+000 -8.543837e+000 -7.897038e+000 3.569728e+000 9.595148e+000 8.040624e-001 -6.214977e+000 -2.135325e+000 8.925880e-001 -1.284835e-001 5.986606e-001 6.456767e-001 4.845484e-002 -1.735751e-001 -6.807532e-002 -3.851947e-001 -3.473580e-001 2.569475e-001 4.457067e-001 5.591436e-002 -2.702332e-001 -2.187915e-001
<VARIANCE> 25
 1.353523e+001 2.957876e+001 3.279515e+001 2.489587e+001 4.258023e+001 3.905091e+001 2.408714e+001 5.921520e+001 1.353359e+001 4.252731e+001 1.299705e+001 2.214884e+001 5.805009e-001 8.926792e-001 1.044354e+000 9.097539e-001 1.349947e+000 1.372044e+000 1.666365e+000 2.529036e+000 1.079784e+000 1.585451e+000 1.588025e+000 1.039118e+000 3.002972e-001
<GCONST> 8.652299e+001
<STATE> 4
<MEAN> 25
 7.824600e+000 2.455191e+000 8.497509e-001 -4.435228e+000 -5.263414e+000 -4.316324e+000 -3.053792e+000 6.839309e+000 5.454831e+000 -7.226105e+000 -1.402447e+000 3.935437e+000 -4.577196e-002 3.278776e-001 1.349124e-001 2.370722e-001 -8.603955e-004 2.781982e-002 -6.551611e-002 -2.412254e-001 -1.379814e-001 5.706653e-002 4.718932e-002 7.610980e-002 -3.471166e-001
<VARIANCE> 25
 3.199076e+001 1.074262e+002 6.772977e+001 8.754159e+001 5.373264e+001 6.039144e+001 4.274987e+001 3.936186e+001 9.586716e+001 8.145045e+001 3.024206e+001 3.399971e+001 1.079556e+000 3.405060e+000 1.969038e+000 2.443549e+000 3.307541e+000 2.736457e+000 2.957417e+000 2.525810e+000 3.596769e+000 3.721258e+000 1.744383e+000 1.865211e+000 1.313459e+000
<GCONST> 1.053215e+002
<TRANSP> 5
 0.000000e+000 1.000000e+000 0.000000e+000 0.000000e+000 0.000000e+000
 0.000000e+000 8.076140e-001 1.923860e-001 0.000000e+000 0.000000e+000
 0.000000e+000 0.000000e+000 8.559298e-001 1.440702e-001 0.000000e+000
 0.000000e+000 0.000000e+000 0.000000e+000 9.291769e-001 7.082316e-002
 0.000000e+000 0.000000e+000 0.000000e+000 0.000000e+000 0.000000e+000
<ENDHMM>
~h "ng"
<BEGINHMM>
<NUMSTATES> 5
<STATE> 2
<MEAN> 25
 4.170421e+000 -5.925745e-001 -8.619362e-001 2.334849e-001 1.445825e+000 3.908263e-001 1.660118e+000 7.632499e-001 4.591560e-001 -7.617796e-001 -9.169329e-001 -2.331302e+000 -1.715209e-001 2.364567e-001 1.750030e-001 1.401920e-001 2.945145e-001 1.057298e-001 -3.822907e-002 1.047766e-001 3.150812e-002 1.774624e-001 -2.905492e-002 -2.602218e-001 -2.090678e-001
<VARIANCE> 25
 2.460320e+001 6.495143e+001 2.851610e+001 9.091762e+001 7.751643e+001 4.597132e+001 5.123498e+001 5.451457e+001 3.903757e+001 5.170160e+001 2.916713e+001 3.343862e+001 4.800573e-001 2.368065e+000 1.335942e+000 2.054313e+000 2.979567e+000 2.531175e+000 2.207521e+000 2.560890e+000 1.966813e+000 2.129344e+000 1.773234e+000 2.324952e+000 1.384195e+000
<GCONST> 9.985437e+001
<STATE> 3
<MEAN> 25
 3.104015e+000 4.276715e-001 -2.970526e-001 7.056919e-001 2.668087e+000 1.112013e+000 1.584118e+000 1.253948e+000 7.874194e-001 5.207819e-002 -6.802396e-001 -2.468030e+000 -2.627662e-001 2.237276e-001 1.307798e-001 1.081489e-001 2.542941e-001 1.248457e-001 -6.504480e-002 6.897686e-002 1.624289e-002 1.634478e-001 7.069743e-002 4.229931e-002 -2.741682e-001
<VARIANCE> 25
 2.474542e+001 7.548239e+001 2.624812e+001 8.527437e+001 8.289463e+001 4.652482e+001 5.099218e+001 4.681571e+001 3.488868e+001 4.875814e+001 2.904838e+001 3.567296e+001 4.555581e-001 2.126346e+000 1.322552e+000 1.768920e+000 2.966254e+000 2.339530e+000 2.199904e+000 2.702558e+000 1.789654e+000 1.803284e+000 1.778545e+000 2.123416e+000 1.212868e+000
<GCONST> 9.884218e+001
<STATE> 4
<MEAN> 25
 1.168376e-001 2.065272e+000 -5.807623e-001 2.509501e+000 3.770624e+000 2.044004e+000 2.426669e+000 1.220524e+000 9.524319e-001 1.206036e+000 2.042408e-001 -8.501795e-001 -2.907206e-001 4.173350e-002 -3.746368e-002 7.085902e-002 3.487399e-002 -2.800129e-002 1.760180e-002 -4.122784e-002 -1.343977e-001 9.203386e-002 7.732237e-002 2.129081e-001 -2.913714e-001
<VARIANCE> 25
 2.617665e+001 5.256807e+001 2.426938e+001 6.316153e+001 5.310128e+001 3.131434e+001 4.581044e+001 3.418462e+001 2.913208e+001 3.838593e+001 2.396895e+001 2.780302e+001 3.559151e-001 1.115664e+000 1.046073e+000 1.368833e+000 1.861981e+000 1.738114e+000 1.865110e+000 1.990757e+000 1.607198e+000 1.610831e+000 1.498167e+000 1.390180e+000 5.954613e-001
<GCONST> 9.189098e+001
<TRANSP> 5
 0.000000e+000 1.000000e+000 0.000000e+000 0.000000e+000 0.000000e+000
 0.000000e+000 7.110183e-001 2.889817e-001 0.000000e+000 0.000000e+000
 0.000000e+000 0.000000e+000 7.041482e-001 2.958519e-001 0.000000e+000
 0.000000e+000 0.000000e+000 0.000000e+000 8.745345e-001 1.254654e-001
 0.000000e+000 0.000000e+000 0.000000e+000 0.000000e+000 0.000000e+000
<ENDHMM>
~h "ny"
<BEGINHMM>
<NUMSTATES> 5
<STATE> 2
<MEAN> 25
 -8.590697e-002 3.239461e-003 1.594268e+000 3.030385e+000 1.251391e+000 -2.722635e+000 -1.895954e+000 -1.134965e+000 1.062229e+000 5.058291e-002 9.637789e-001 1.095170e+000 -2.303941e-002 1.114819e+000 -4.969606e-001 3.477377e-001 -1.619673e-001 4.010374e-001 5.105147e-001 -6.516957e-001 -2.232795e-001 1.054175e-002 2.101418e-001 2.690701e-001 -1.080013e+000
<VARIANCE> 25
 3.397532e+001 1.641030e+001 3.288212e+001 7.580030e+001 5.322577e+001 2.198819e+001 4.653367e+001 1.882146e+001 3.817588e+001 1.744733e+001 1.472297e+001 1.369564e+001 4.512026e-001 5.163741e-001 1.266956e+000 4.274133e+000 9.464278e-001 1.598914e+000 2.789762e+000 2.070456e+000 1.034247e+000 2.665327e+000 2.549805e+000 3.108290e+000 9.750585e-001
<GCONST> 9.119886e+001
<STATE> 3
<MEAN> 25
 -7.031027e-001 2.353117e+000 -1.826450e-001 3.405082e+000 1.473156e+000 -1.771727e+000 8.420023e-001 -1.762963e+000 9.225737e-001 6.599902e-002 1.582109e+000 1.296782e+000 1.206052e-001 6.103973e-001 -1.190774e-001 2.525818e-001 -9.110358e-002 1.600395e-001 5.241773e-001 -2.877954e-001 -3.155657e-001 -2.075364e-001 -8.057596e-002 -5.263780e-002 -4.672664e-001
<VARIANCE> 25
 3.243341e+001 1.317018e+001 1.767089e+001 2.627934e+001 3.485413e+001 2.350613e+001 4.519199e+001 1.653769e+001 3.120653e+001 1.962876e+001 1.071198e+001 1.505597e+001 2.297698e-001 6.192784e-001 9.767577e-001 2.431589e+000 7.765247e-001 1.239025e+000 1.593442e+000 1.583763e+000 1.221599e+000 1.731494e+000 1.081286e+000 1.038821e+000 4.346545e-001
<GCONST> 8.280495e+001
<STATE> 4
<MEAN> 25
 -2.042601e+000 3.047233e+000 -1.470107e-001 2.791986e+000 6.824619e-001 1.334984e+000 1.464551e+000 -4.092849e-001 1.202480e+000 2.549384e-001 1.218716e+000 6.654652e-001 -8.709290e-002 2.583629e-002 -1.386389e-002 1.109924e-001 8.030299e-002 9.099358e-002 6.050793e-002 7.511020e-002 -1.798075e-003 2.714824e-002 -8.751993e-002 -2.931251e-002 -1.668812e-001
<VARIANCE> 25
 1.403418e+001 8.353442e+000 2.656017e+001 3.993759e+001 2.186808e+001 1.678628e+001 6.020961e+001 2.533391e+001 2.129876e+001 1.948840e+001 1.152839e+001 1.220767e+001 2.797584e-001 3.230157e-001 5.839169e-001 1.292863e+000 8.740380e-001 9.737380e-001 1.381583e+000 9.649584e-001 1.295144e+000 1.152952e+000 9.198856e-001 1.097155e+000 2.122332e-001
<GCONST> 7.819012e+001
<TRANSP> 5
 0.000000e+000 1.000000e+000 0.000000e+000 0.000000e+000 0.000000e+000
 0.000000e+000 4.184325e-001 5.815675e-001 0.000000e+000 0.000000e+000
 0.000000e+000 0.000000e+000 5.834459e-001 4.165541e-001 0.000000e+000
 0.000000e+000 0.000000e+000 0.000000e+000 9.702162e-001 2.978388e-002
 0.000000e+000 0.000000e+000 0.000000e+000 0.000000e+000 0.000000e+000
<ENDHMM>
~h "oi"
<BEGINHMM>
<NUMSTATES> 5
<STATE> 2
<MEAN> 25
 -5.225754e+000 9.886418e-001 7.513366e-001 -9.066638e-001 -5.728174e-001 1.926247e+000 1.675165e-001 -5.568920e+000 -2.097112e-001 6.068672e+000 -1.782806e+000 -2.928862e-001 -4.023958e-001 1.656121e-001 -1.080585e+000 2.696609e-001 -5.019855e-002 -6.932394e-002 1.267159e+000 6.517668e-001 3.522877e-001 5.424737e-002 1.225394e-001 7.612398e-002 -7.928794e-001
<VARIANCE> 25
 1.324332e+001 6.864235e+000 4.998878e+001 4.009533e+001 3.592811e+001 1.459990e+001 5.027378e+001 1.372975e+001 3.765092e+001 3.127120e+001 1.391531e+001 5.268708e+000 4.196683e-001 5.425742e-001 5.492982e-001 1.885619e+000 1.898928e+000 1.307779e+000 1.533464e+000 2.142346e+000 1.674346e+000 1.059608e+000 1.608362e+000 4.328834e-001 2.605898e-001
<GCONST> 8.174613e+001
<STATE> 3
<MEAN> 25
 -1.029648e+001 4.720672e+000 -5.842496e+000 -1.666171e+000 3.041065e+000 -3.957178e+000 -4.708006e+000 -6.751973e+000 -7.402349e+000 4.712374e+000 -3.765507e+000 -1.266063e-001 -4.061223e-002 5.974483e-002 -8.111298e-002 -3.097606e-003 1.614548e-002 -3.743176e-003 8.384517e-002 -7.674681e-003 -1.303542e-001 -2.879212e-002 -1.122634e-002 2.964448e-002 -7.487027e-002
<VARIANCE> 25
 5.041511e+000 3.134160e+000 6.401239e+000 6.931067e+000 9.318147e+000 9.415284e+000 1.653550e+001 1.059844e+001 1.268405e+001 8.839232e+000 8.462650e+000 6.094255e+000 1.045452e-001 1.898842e-001 4.363099e-001 5.282257e-001 7.066787e-001 6.673403e-001 8.533211e-001 1.395746e+000 5.790275e-001 5.400656e-001 6.327543e-001 5.998405e-001 4.665183e-002
<GCONST> 5.964235e+001
<STATE> 4
<MEAN> 25
 -2.951524e+000 3.484547e+000 -6.656048e+000 9.000957e+000 3.053389e-001 1.794736e+000 5.280209e+000 1.204184e+000 8.378432e-001 -1.697727e+000 -9.445663e-001 3.729859e+000 4.743820e-003 2.097493e-002 -2.765187e-002 7.316396e-002 3.356147e-002 -2.444295e-002 3.115747e-002 4.645937e-002 -5.624657e-002 -4.001817e-002 -4.294942e-002 2.313137e-002 -2.619833e-002
<VARIANCE> 25
 3.236738e+000 4.448314e+000 1.414451e+001 1.544736e+001 1.083771e+001 1.666834e+001 2.104849e+001 2.035554e+001 1.644169e+001 2.678600e+001 1.301961e+001 1.697600e+001 2.028323e-001 3.512663e-001 7.303571e-001 9.870837e-001 1.314748e+000 1.693625e+000 2.326817e+000 2.422548e+000 1.360789e+000 2.074399e+000 1.304131e+000 1.708315e+000 6.812517e-002
<GCONST> 7.545686e+001
<TRANSP> 5
 0.000000e+000 1.000000e+000 0.000000e+000 0.000000e+000 0.000000e+000
 0.000000e+000 6.612750e-001 3.387249e-001 0.000000e+000 0.000000e+000
 0.000000e+000 0.000000e+000 9.415796e-001 5.842034e-002 0.000000e+000
 0.000000e+000 0.000000e+000 0.000000e+000 9.814659e-001 1.853413e-002
 0.000000e+000 0.000000e+000 0.000000e+000 0.000000e+000 0.000000e+000
<ENDHMM>
~h "sy"
<BEGINHMM>
<NUMSTATES> 5
<STATE> 2
<MEAN> 25
 -1.418798e+000 -7.431409e+000 4.783964e+000 1.943445e+000 2.114774e+000 6.801387e-001 3.629122e+000 2.823642e+000 -4.596934e-001 -2.231283e+000 5.029994e+000 1.071450e+000 -4.085332e-001 -1.002753e+000 2.969931e-001 -8.821072e-002 -1.291350e-001 -2.045708e-001 -6.515701e-002 1.523430e-002 -3.079172e-002 -2.480409e-001 2.195852e-001 6.072073e-001 4.417427e-001
<VARIANCE> 25
 6.596619e+001 5.863850e+001 1.698760e+002 4.925002e+001 2.172209e+001 4.000208e+001 4.714843e+001 4.918001e+001 3.161127e+001 1.885151e+001 3.603619e+001 1.782581e+001 5.006809e+000 3.302150e+000 9.220525e+000 1.125667e+000 1.772694e+000 3.473207e+000 3.053099e+000 2.661156e+000 2.714765e+000 1.841706e+000 2.559039e+000 1.737355e+000 6.418403e-001
<GCONST> 1.023264e+002
<STATE> 3
<MEAN> 25
 -1.082511e-001 -8.591919e+000 1.849297e+000 1.413317e+000 4.400185e-001 -2.456975e+000 1.158322e+000 1.789399e+000 -5.843220e-001 -2.877628e+000 4.575115e+000 2.081255e+000 5.937591e-001 -3.539338e-002 -7.650096e-001 -1.352909e-001 -3.175326e-001 -5.009645e-001 -5.885018e-002 1.713422e-001 1.859351e-002 -1.124876e-001 9.409689e-002 -1.203415e-002 2.496834e-001
<VARIANCE> 25
 7.397398e+001 4.883354e+001 1.634366e+002 6.101484e+001 3.376460e+001 4.819529e+001 3.044250e+001 4.385344e+001 3.532951e+001 1.814744e+001 1.581931e+001 1.291442e+001 3.684944e+000 3.037963e+000 4.566018e+000 1.475324e+000 2.056003e+000 2.986426e+000 3.387648e+000 3.916421e+000 2.271599e+000 1.514531e+000 1.424039e+000 1.276556e+000 4.884106e-001
<GCONST> 9.956056e+001
<STATE> 4
<MEAN> 25
 3.452264e+000 -8.329373e+000 -4.441189e+000 8.461908e-001 -3.225290e-001 -3.662419e+000 2.221814e+000 3.558230e+000 -1.048854e+000 -3.162039e+000 3.095269e+000 1.312276e+000 4.895269e-002 6.233608e-002 -4.055439e-002 5.937771e-002 -8.385338e-003 1.299470e-002 -1.413187e-002 2.297457e-002 6.807088e-002 -8.296086e-003 -1.088606e-001 2.033542e-002 -7.891499e-002
<VARIANCE> 25
 4.787343e+001 2.751757e+001 6.878201e+001 6.900684e+001 5.603212e+001 3.931006e+001 2.846281e+001 3.700002e+001 3.194001e+001 3.056831e+001 3.041913e+001 1.990133e+001 1.278457e+000 2.010003e+000 1.755317e+000 1.703352e+000 2.169269e+000 1.574893e+000 2.088062e+000 2.835299e+000 1.776025e+000 1.677486e+000 1.960214e+000 1.435097e+000 3.102888e-001
<GCONST> 9.554377e+001
<TRANSP> 5
 0.000000e+000 1.000000e+000 0.000000e+000 0.000000e+000 0.000000e+000
 0.000000e+000 8.598209e-001 1.401791e-001 0.000000e+000 0.000000e+000
 0.000000e+000 0.000000e+000 8.612630e-001 1.387370e-001 0.000000e+000
 0.000000e+000 0.000000e+000 0.000000e+000 9.697708e-001 3.022918e-002
 0.000000e+000 0.000000e+000 0.000000e+000 0.000000e+000 0.000000e+000
<ENDHMM>
~h "sil"
<BEGINHMM>
<NUMSTATES> 5
<STATE> 2
<MEAN> 25
 -7.955875e+000 5.669213e+000 -5.011602e+000 -1.496952e+000 7.808639e-001 -3.321260e+000 -3.484516e+000 -2.892176e+000 -5.679207e+000 4.612932e+000 -3.243831e+000 1.300265e-001 1.107977e-001 -4.776040e-002 -3.145475e-002 -3.102502e-002 -2.623153e-002 3.753631e-002 -8.324642e-002 -6.841061e-002 1.043008e-001 7.078853e-002 5.314590e-002 4.779679e-002 8.497793e-002
<VARIANCE> 25
 3.692714e+001 2.331660e+001 1.506264e+001 3.589044e+001 3.334860e+001 4.718497e+001 2.933071e+001 3.710558e+001 2.749856e+001 1.765437e+001 1.867278e+001 1.043345e+001 4.275759e-001 2.367726e-001 4.644599e-001 6.419589e-001 6.510475e-001 9.586945e-001 9.644177e-001 9.866664e-001 9.810707e-001 9.853482e-001 8.725875e-001 7.587644e-001 3.909338e-001
<GCONST> 7.940158e+001
<STATE> 3
<MEAN> 25
 -4.421329e+000 1.024887e+000 -8.804696e-001 -5.239845e-002 9.550928e-001 1.325534e+000 -1.311885e+000 1.303740e+000 -1.744147e+000 3.127233e+000 -1.629741e+000 2.605796e+000 -7.023140e-001 -4.662566e-001 5.315065e-001 -5.821273e-001 6.096853e-001 -1.069085e-001 3.736865e-001 -2.536819e-001 8.929378e-001 -2.954867e-001 6.759667e-001 -8.199456e-003 3.002013e+000
<VARIANCE> 25
 3.221844e+001 5.182023e+001 3.668578e+001 7.573523e+001 4.410449e+001 4.380096e+001 7.321539e+001 3.987148e+001 4.164656e+001 4.559701e+001 4.977094e+001 2.042257e+001 2.442897e+000 5.715431e+000 5.016009e+000 7.966030e+000 5.400968e+000 4.845880e+000 5.308652e+000 2.185731e+000 3.456728e+000 4.183008e+000 3.650974e+000 2.474821e+000 5.438157e+001
<GCONST> 1.122240e+002
<STATE> 4
<MEAN> 25
 -4.375173e+000 2.073192e+000 -1.463317e+000 4.928278e+000 2.119412e+000 3.186033e+000 3.816094e+000 1.023954e+000 2.666391e+000 1.817511e+000 1.221208e+000 1.391080e+000 -2.531219e-002 -3.682226e-003 2.484883e-003 -1.170545e-002 -8.622841e-003 8.481972e-003 -7.411843e-003 -1.362275e-002 2.541616e-002 -4.301050e-003 1.284782e-002 4.235794e-004 -6.110081e-003
<VARIANCE> 25
 3.957393e+000 9.200351e+000 1.173080e+001 3.507678e+001 1.274088e+001 2.149856e+001 1.936243e+001 1.734105e+001 2.329326e+001 2.676652e+001 1.478192e+001 1.320261e+001 1.987005e-001 3.922404e-001 4.898155e-001 7.671704e-001 9.431070e-001 1.203624e+000 1.317705e+000 1.279756e+000 1.396067e+000 1.511820e+000 1.238620e+000 1.062621e+000 4.416667e-001
<GCONST> 7.602309e+001
<TRANSP> 5
 0.000000e+000 1.000000e+000 0.000000e+000 0.000000e+000 0.000000e+000
 0.000000e+000 8.713020e-001 1.286980e-001 0.000000e+000 0.000000e+000
 0.000000e+000 0.000000e+000 5.649108e-001 4.350893e-001 0.000000e+000
 0.000000e+000 0.000000e+000 0.000000e+000 9.801077e-001 1.989233e-002
 0.000000e+000 0.000000e+000 0.000000e+000 0.000000e+000 0.000000e+000
<ENDHMM>
